TaAOX1a-2AL.sv1	TaAOX1a-2AL.sv1	100.000	987	0	0	1	987	1	987	0.0	1823
TaAOX1a-2AL.sv1	TaAOX1a-2AL.sv2	97.568	987	0	1	1	987	1	963	0.0	1668
TaAOX1a-2AL.sv1	TaAOX1a-2BL	97.071	990	26	2	1	987	385	1374	0.0	1664
TaAOX1a-2AL.sv1	TaAOX1a-2DL.sv1	95.549	1011	21	1	1	987	1	1011	0.0	1596
TaAOX1a-2AL.sv1	TaAOX1a-2DL.sv2	98.504	802	12	0	186	987	84	885	0.0	1415
TaAOX1a-2AL.sv1	TuAOX1a	98.374	615	10	0	373	987	1	615	0.0	1081
TaAOX1a-2AL.sv1	AetAOX1a	98.211	615	11	0	373	987	1	615	0.0	1075
TaAOX1a-2AL.sv1	TaAOX1a-like-2DL	95.556	495	22	0	493	987	1	495	0.0	793
TaAOX1a-2AL.sv1	TaAOX1c-6BL.sv3	87.143	700	85	5	232	930	544	1239	0.0	789
TaAOX1a-2AL.sv1	TaAOX1c-6BL.sv2	87.143	700	85	5	232	930	487	1182	0.0	789
TaAOX1a-2AL.sv1	TaAOX1c-6BL.sv1	87.143	700	85	5	232	930	544	1239	0.0	789
TaAOX1a-2AL.sv1	TaAOX1c-6DL	87.000	700	86	5	232	930	436	1131	0.0	784
TaAOX1a-2AL.sv1	TaAOX1c-6AL	86.143	700	92	5	232	930	442	1137	0.0	750
TaAOX1a-2AL.sv1	AetAOX1d	81.963	754	131	4	235	987	139	888	0.0	634
TaAOX1a-2AL.sv1	TaAOX1d-2DL	81.963	754	131	4	235	987	232	981	0.0	634
TaAOX1a-2AL.sv1	AetAOX1e	82.591	718	117	6	274	987	385	1098	0.0	627
TaAOX1a-2AL.sv1	TuAOX1d.2	81.698	754	133	4	235	987	463	1212	0.0	623
TaAOX1a-2AL.sv1	TaAOX1d-2AL.1	81.275	753	138	2	235	987	136	885	5.03e-176	606
TaAOX1a-2AL.sv1	TuAOX1d.1	81.192	755	135	6	235	987	139	888	2.34e-174	601
TaAOX1a-2AL.sv1	TaAOX1d-2AL.2.sv2	81.192	755	135	6	235	987	244	993	2.34e-174	601
TaAOX1a-2AL.sv1	TaAOX1d-2AL.2.sv1	81.192	755	135	6	235	987	244	993	2.34e-174	601
TaAOX1a-2AL.sv1	regTaAOX-4BL.sv4	95.614	228	9	1	212	438	7	234	3.34e-103	364
TaAOX1a-2AL.sv1	regTaAOX-4BL.sv2	95.614	228	9	1	212	438	7	234	3.34e-103	364
TaAOX1a-2AL.sv1	regTaAOX-4BL.sv1	95.614	228	9	1	212	438	7	234	3.34e-103	364
TaAOX1a-2AL.sv1	regTaAOX-4BL.sv3	88.618	246	9	2	212	438	7	252	3.46e-78	281
TaAOX1a-2AL.sv1	AetAOX1d-like	79.651	344	68	2	274	616	352	694	1.26e-67	246
TaAOX1a-2AL.sv2	TaAOX1a-2AL.sv2	100.000	963	0	0	1	963	1	963	0.0	1779
TaAOX1a-2AL.sv2	TaAOX1a-2AL.sv1	97.568	987	0	1	1	963	1	987	0.0	1668
TaAOX1a-2AL.sv2	TaAOX1a-2BL	94.848	990	24	3	1	963	385	1374	0.0	1520
TaAOX1a-2AL.sv2	TaAOX1a-2DL.sv1	98.267	808	14	0	156	963	204	1011	0.0	1415
TaAOX1a-2AL.sv2	TaAOX1a-2DL.sv1	95.506	178	8	0	1	178	1	178	2.61e-79	285
TaAOX1a-2AL.sv2	TaAOX1a-2DL.sv2	98.496	798	12	0	166	963	88	885	0.0	1408
TaAOX1a-2AL.sv2	TuAOX1a	98.374	615	10	0	349	963	1	615	0.0	1081
TaAOX1a-2AL.sv2	AetAOX1a	98.211	615	11	0	349	963	1	615	0.0	1075
TaAOX1a-2AL.sv2	TaAOX1a-like-2DL	95.556	495	22	0	469	963	1	495	0.0	793
TaAOX1a-2AL.sv2	TaAOX1c-6BL.sv3	87.143	700	85	5	208	906	544	1239	0.0	789
TaAOX1a-2AL.sv2	TaAOX1c-6BL.sv2	87.143	700	85	5	208	906	487	1182	0.0	789
TaAOX1a-2AL.sv2	TaAOX1c-6BL.sv1	87.143	700	85	5	208	906	544	1239	0.0	789
TaAOX1a-2AL.sv2	TaAOX1c-6DL	87.000	700	86	5	208	906	436	1131	0.0	784
TaAOX1a-2AL.sv2	TaAOX1c-6AL	86.143	700	92	5	208	906	442	1137	0.0	750
TaAOX1a-2AL.sv2	AetAOX1d	81.963	754	131	4	211	963	139	888	0.0	634
TaAOX1a-2AL.sv2	TaAOX1d-2DL	81.963	754	131	4	211	963	232	981	0.0	634
TaAOX1a-2AL.sv2	AetAOX1e	82.591	718	117	6	250	963	385	1098	0.0	627
TaAOX1a-2AL.sv2	TuAOX1d.2	81.698	754	133	4	211	963	463	1212	0.0	623
TaAOX1a-2AL.sv2	TaAOX1d-2AL.1	81.275	753	138	2	211	963	136	885	4.91e-176	606
TaAOX1a-2AL.sv2	TuAOX1d.1	81.192	755	135	6	211	963	139	888	2.28e-174	601
TaAOX1a-2AL.sv2	TaAOX1d-2AL.2.sv2	81.192	755	135	6	211	963	244	993	2.28e-174	601
TaAOX1a-2AL.sv2	TaAOX1d-2AL.2.sv1	81.192	755	135	6	211	963	244	993	2.28e-174	601
TaAOX1a-2AL.sv2	regTaAOX-4BL.sv4	95.614	228	9	1	188	414	7	234	3.26e-103	364
TaAOX1a-2AL.sv2	regTaAOX-4BL.sv2	95.614	228	9	1	188	414	7	234	3.26e-103	364
TaAOX1a-2AL.sv2	regTaAOX-4BL.sv1	95.614	228	9	1	188	414	7	234	3.26e-103	364
TaAOX1a-2AL.sv2	regTaAOX-4BL.sv3	88.618	246	9	2	188	414	7	252	3.38e-78	281
TaAOX1a-2AL.sv2	AetAOX1d-like	79.651	344	68	2	250	592	352	694	1.23e-67	246
TaAOX1a-2BL	TaAOX1a-2BL	100.000	1374	0	0	1	1374	1	1374	0.0	2538
TaAOX1a-2BL	TaAOX1a-2AL.sv1	97.071	990	26	2	385	1374	1	987	0.0	1664
TaAOX1a-2BL	TaAOX1a-2DL.sv1	95.168	1014	22	2	385	1374	1	1011	0.0	1576
TaAOX1a-2BL	TaAOX1a-2AL.sv2	94.848	990	24	3	385	1374	1	963	0.0	1520
TaAOX1a-2BL	TaAOX1a-2DL.sv2	98.753	802	10	0	573	1374	84	885	0.0	1426
TaAOX1a-2BL	TaAOX1a-2DL.sv2	97.436	78	2	0	385	462	1	78	1.43e-33	134
TaAOX1a-2BL	AetAOX1a	98.537	615	9	0	760	1374	1	615	0.0	1086
TaAOX1a-2BL	TuAOX1a	98.211	615	11	0	760	1374	1	615	0.0	1075
TaAOX1a-2BL	TaAOX1c-6BL.sv3	87.268	699	86	3	619	1317	544	1239	0.0	795
TaAOX1a-2BL	TaAOX1c-6BL.sv2	87.268	699	86	3	619	1317	487	1182	0.0	795
TaAOX1a-2BL	TaAOX1c-6BL.sv1	87.268	699	86	3	619	1317	544	1239	0.0	795
TaAOX1a-2BL	TaAOX1a-like-2DL	95.354	495	23	0	880	1374	1	495	0.0	787
TaAOX1a-2BL	TaAOX1c-6DL	86.838	699	89	3	619	1317	436	1131	0.0	778
TaAOX1a-2BL	TaAOX1c-6AL	86.123	699	94	3	619	1317	442	1137	0.0	750
TaAOX1a-2BL	AetAOX1d	81.963	754	131	4	622	1374	139	888	0.0	634
TaAOX1a-2BL	TaAOX1d-2DL	81.963	754	131	4	622	1374	232	981	0.0	634
TaAOX1a-2BL	AetAOX1e	82.451	718	118	6	661	1374	385	1098	2.51e-180	621
TaAOX1a-2BL	TuAOX1d.2	81.432	754	135	4	622	1374	463	1212	1.51e-177	612
TaAOX1a-2BL	TuAOX1d.1	81.325	755	134	6	622	1374	139	888	7.02e-176	606
TaAOX1a-2BL	TaAOX1d-2AL.2.sv2	81.325	755	134	6	622	1374	244	993	7.02e-176	606
TaAOX1a-2BL	TaAOX1d-2AL.2.sv1	81.325	755	134	6	622	1374	244	993	7.02e-176	606
TaAOX1a-2BL	TaAOX1d-2AL.1	81.142	753	139	2	622	1374	136	885	3.27e-174	601
TaAOX1a-2BL	regTaAOX-4BL.sv4	96.053	228	8	1	599	825	7	234	1.00e-104	370
TaAOX1a-2BL	regTaAOX-4BL.sv2	96.053	228	8	1	599	825	7	234	1.00e-104	370
TaAOX1a-2BL	regTaAOX-4BL.sv1	96.053	228	8	1	599	825	7	234	1.00e-104	370
TaAOX1a-2BL	regTaAOX-4BL.sv3	89.024	246	8	2	599	825	7	252	1.04e-79	287
TaAOX1a-2BL	AetAOX1d-like	78.779	344	71	2	661	1003	352	694	1.78e-62	230
TaAOX1a-2DL.sv1	TaAOX1a-2DL.sv1	100.000	1011	0	0	1	1011	1	1011	0.0	1868
TaAOX1a-2DL.sv1	TaAOX1a-2AL.sv1	95.549	1011	21	1	1	1011	1	987	0.0	1596
TaAOX1a-2DL.sv1	TaAOX1a-2BL	95.168	1014	22	2	1	1011	385	1374	0.0	1576
TaAOX1a-2DL.sv1	TaAOX1a-2DL.sv2	100.000	802	0	0	210	1011	84	885	0.0	1482
TaAOX1a-2DL.sv1	TaAOX1a-2DL.sv2	100.000	88	0	0	1	88	1	88	1.34e-42	163
TaAOX1a-2DL.sv1	TaAOX1a-2AL.sv2	98.267	808	14	0	204	1011	156	963	0.0	1415
TaAOX1a-2DL.sv1	TaAOX1a-2AL.sv2	95.506	178	8	0	1	178	1	178	2.74e-79	285
TaAOX1a-2DL.sv1	AetAOX1a	100.000	615	0	0	397	1011	1	615	0.0	1136
TaAOX1a-2DL.sv1	TuAOX1a	98.537	615	9	0	397	1011	1	615	0.0	1086
TaAOX1a-2DL.sv1	TaAOX1c-6BL.sv3	86.376	756	100	3	256	1011	544	1296	0.0	822
TaAOX1a-2DL.sv1	TaAOX1c-6BL.sv2	86.376	756	100	3	256	1011	487	1239	0.0	822
TaAOX1a-2DL.sv1	TaAOX1c-6BL.sv1	86.376	756	100	3	256	1011	544	1296	0.0	822
TaAOX1a-2DL.sv1	TaAOX1a-like-2DL	96.162	495	19	0	517	1011	1	495	0.0	809
TaAOX1a-2DL.sv1	TaAOX1c-6DL	85.979	756	103	3	256	1011	436	1188	0.0	806
TaAOX1a-2DL.sv1	TaAOX1c-6AL	85.185	756	109	3	256	1011	442	1194	0.0	773
TaAOX1a-2DL.sv1	AetAOX1d	82.626	754	126	4	259	1011	139	888	0.0	662
TaAOX1a-2DL.sv1	TaAOX1d-2DL	82.626	754	126	4	259	1011	232	981	0.0	662
TaAOX1a-2DL.sv1	AetAOX1e	83.866	657	106	0	298	954	385	1041	0.0	627
TaAOX1a-2DL.sv1	TuAOX1d.2	81.698	754	133	4	259	1011	463	1212	0.0	623
TaAOX1a-2DL.sv1	TuAOX1d.1	81.457	755	133	6	259	1011	139	888	1.11e-177	612
TaAOX1a-2DL.sv1	TaAOX1d-2AL.2.sv2	81.457	755	133	6	259	1011	244	993	1.11e-177	612
TaAOX1a-2DL.sv1	TaAOX1d-2AL.2.sv1	81.457	755	133	6	259	1011	244	993	1.11e-177	612
TaAOX1a-2DL.sv1	TaAOX1d-2AL.1	81.408	753	137	2	259	1011	136	885	1.11e-177	612
TaAOX1a-2DL.sv1	regTaAOX-4BL.sv4	95.614	228	9	1	236	462	7	234	3.42e-103	364
TaAOX1a-2DL.sv1	regTaAOX-4BL.sv2	95.614	228	9	1	236	462	7	234	3.42e-103	364
TaAOX1a-2DL.sv1	regTaAOX-4BL.sv1	95.614	228	9	1	236	462	7	234	3.42e-103	364
TaAOX1a-2DL.sv1	regTaAOX-4BL.sv3	88.618	246	9	2	236	462	7	252	3.54e-78	281
TaAOX1a-2DL.sv1	AetAOX1d-like	79.651	344	68	2	298	640	352	694	1.29e-67	246
TaAOX1a-2DL.sv2	TaAOX1a-2DL.sv2	100.000	885	0	0	1	885	1	885	0.0	1635
TaAOX1a-2DL.sv2	TaAOX1a-2DL.sv1	100.000	802	0	0	84	885	210	1011	0.0	1482
TaAOX1a-2DL.sv2	TaAOX1a-2DL.sv1	100.000	88	0	0	1	88	1	88	1.17e-42	163
TaAOX1a-2DL.sv2	TaAOX1a-2BL	98.753	802	10	0	84	885	573	1374	0.0	1426
TaAOX1a-2DL.sv2	TaAOX1a-2BL	97.436	78	2	0	1	78	385	462	9.19e-34	134
TaAOX1a-2DL.sv2	TaAOX1a-2AL.sv1	98.504	802	12	0	84	885	186	987	0.0	1415
TaAOX1a-2DL.sv2	TaAOX1a-2AL.sv1	95.455	88	4	0	1	88	1	88	5.49e-36	141
TaAOX1a-2DL.sv2	TaAOX1a-2AL.sv2	98.496	798	12	0	88	885	166	963	0.0	1408
TaAOX1a-2DL.sv2	TaAOX1a-2AL.sv2	95.455	88	4	0	1	88	1	88	5.49e-36	141
TaAOX1a-2DL.sv2	AetAOX1a	100.000	615	0	0	271	885	1	615	0.0	1136
TaAOX1a-2DL.sv2	TuAOX1a	98.537	615	9	0	271	885	1	615	0.0	1086
TaAOX1a-2DL.sv2	TaAOX1c-6BL.sv3	86.376	756	100	3	130	885	544	1296	0.0	822
TaAOX1a-2DL.sv2	TaAOX1c-6BL.sv2	86.376	756	100	3	130	885	487	1239	0.0	822
TaAOX1a-2DL.sv2	TaAOX1c-6BL.sv1	86.376	756	100	3	130	885	544	1296	0.0	822
TaAOX1a-2DL.sv2	TaAOX1a-like-2DL	96.162	495	19	0	391	885	1	495	0.0	809
TaAOX1a-2DL.sv2	TaAOX1c-6DL	85.979	756	103	3	130	885	436	1188	0.0	806
TaAOX1a-2DL.sv2	TaAOX1c-6AL	85.185	756	109	3	130	885	442	1194	0.0	773
TaAOX1a-2DL.sv2	AetAOX1d	82.626	754	126	4	133	885	139	888	0.0	662
TaAOX1a-2DL.sv2	TaAOX1d-2DL	82.626	754	126	4	133	885	232	981	0.0	662
TaAOX1a-2DL.sv2	AetAOX1e	83.866	657	106	0	172	828	385	1041	0.0	627
TaAOX1a-2DL.sv2	TuAOX1d.2	81.698	754	133	4	133	885	463	1212	0.0	623
TaAOX1a-2DL.sv2	TuAOX1d.1	81.457	755	133	6	133	885	139	888	9.68e-178	612
TaAOX1a-2DL.sv2	TaAOX1d-2AL.2.sv2	81.457	755	133	6	133	885	244	993	9.68e-178	612
TaAOX1a-2DL.sv2	TaAOX1d-2AL.2.sv1	81.457	755	133	6	133	885	244	993	9.68e-178	612
TaAOX1a-2DL.sv2	TaAOX1d-2AL.1	81.408	753	137	2	133	885	136	885	9.68e-178	612
TaAOX1a-2DL.sv2	regTaAOX-4BL.sv4	95.614	228	9	1	110	336	7	234	2.99e-103	364
TaAOX1a-2DL.sv2	regTaAOX-4BL.sv2	95.614	228	9	1	110	336	7	234	2.99e-103	364
TaAOX1a-2DL.sv2	regTaAOX-4BL.sv1	95.614	228	9	1	110	336	7	234	2.99e-103	364
TaAOX1a-2DL.sv2	regTaAOX-4BL.sv3	88.618	246	9	2	110	336	7	252	3.10e-78	281
TaAOX1a-2DL.sv2	AetAOX1d-like	79.651	344	68	2	172	514	352	694	1.13e-67	246
TaAOX1a-like-2DL	TaAOX1a-like-2DL	100.000	495	0	0	1	495	1	495	0.0	915
TaAOX1a-like-2DL	AetAOX1a	96.162	495	19	0	1	495	121	615	0.0	809
TaAOX1a-like-2DL	TaAOX1a-2DL.sv2	96.162	495	19	0	1	495	391	885	0.0	809
TaAOX1a-like-2DL	TaAOX1a-2DL.sv1	96.162	495	19	0	1	495	517	1011	0.0	809
TaAOX1a-like-2DL	TaAOX1a-2AL.sv2	95.556	495	22	0	1	495	469	963	0.0	793
TaAOX1a-like-2DL	TaAOX1a-2AL.sv1	95.556	495	22	0	1	495	493	987	0.0	793
TaAOX1a-like-2DL	TuAOX1a	95.354	495	23	0	1	495	121	615	0.0	787
TaAOX1a-like-2DL	TaAOX1a-2BL	95.354	495	23	0	1	495	880	1374	0.0	787
TaAOX1a-like-2DL	TuAOX1d.2	88.306	496	56	2	1	495	718	1212	1.93e-172	593
TaAOX1a-like-2DL	AetAOX1d	87.879	495	60	0	1	495	394	888	4.18e-169	582
TaAOX1a-like-2DL	TaAOX1d-2DL	87.879	495	60	0	1	495	487	981	4.18e-169	582
TaAOX1a-like-2DL	TaAOX1d-2AL.1	87.879	495	60	0	1	495	391	885	4.18e-169	582
TaAOX1a-like-2DL	TuAOX1d.1	87.702	496	59	2	1	495	394	888	1.95e-167	577
TaAOX1a-like-2DL	TaAOX1d-2AL.2.sv2	87.702	496	59	2	1	495	499	993	1.95e-167	577
TaAOX1a-like-2DL	TaAOX1d-2AL.2.sv1	87.702	496	59	2	1	495	499	993	1.95e-167	577
TaAOX1a-like-2DL	TaAOX1c-6BL.sv3	87.900	438	53	0	1	438	802	1239	4.30e-149	516
TaAOX1a-like-2DL	TaAOX1c-6BL.sv2	87.900	438	53	0	1	438	745	1182	4.30e-149	516
TaAOX1a-like-2DL	TaAOX1c-6BL.sv1	87.900	438	53	0	1	438	802	1239	4.30e-149	516
TaAOX1a-like-2DL	TaAOX1c-6DL	87.671	438	54	0	1	438	694	1131	2.00e-147	510
TaAOX1a-like-2DL	AetAOX1e	82.966	499	77	6	1	495	604	1098	2.06e-127	444
TaAOX1a-like-2DL	AetAOX1d-like	99.194	124	1	0	1	124	571	694	2.92e-61	224
regTaAOX-4BL.sv1	regTaAOX-4BL.sv4	100.000	327	0	0	1	327	1	327	5.82e-176	604
regTaAOX-4BL.sv1	regTaAOX-4BL.sv1	100.000	327	0	0	1	327	1	327	5.82e-176	604
regTaAOX-4BL.sv1	regTaAOX-4BL.sv2	100.000	238	0	0	1	238	1	238	1.74e-126	440
regTaAOX-4BL.sv1	TaAOX1a-2BL	96.053	228	8	1	7	234	599	825	2.31e-105	370
regTaAOX-4BL.sv1	TaAOX1a-2DL.sv2	95.614	228	9	1	7	234	110	336	1.08e-103	364
regTaAOX-4BL.sv1	TaAOX1a-2DL.sv1	95.614	228	9	1	7	234	236	462	1.08e-103	364
regTaAOX-4BL.sv1	TaAOX1a-2AL.sv2	95.614	228	9	1	7	234	188	414	1.08e-103	364
regTaAOX-4BL.sv1	TaAOX1a-2AL.sv1	95.614	228	9	1	7	234	212	438	1.08e-103	364
regTaAOX-4BL.sv1	regTaAOX-4BL.sv3	92.969	256	0	1	1	238	1	256	1.80e-101	357
regTaAOX-4BL.sv1	TaAOX1c-6DL	83.254	209	29	6	27	234	436	639	2.50e-50	187
regTaAOX-4BL.sv1	TaAOX1c-6BL.sv3	83.254	209	29	6	27	234	544	747	2.50e-50	187
regTaAOX-4BL.sv1	TaAOX1c-6BL.sv2	83.254	209	29	6	27	234	487	690	2.50e-50	187
regTaAOX-4BL.sv1	TaAOX1c-6BL.sv1	83.254	209	29	6	27	234	544	747	2.50e-50	187
regTaAOX-4BL.sv1	TaAOX1c-6AL	82.297	209	31	6	27	234	442	645	5.41e-47	176
regTaAOX-4BL.sv1	AetAOX1a	98.485	66	1	0	169	234	1	66	3.33e-29	117
regTaAOX-4BL.sv1	TuAOX1a	98.485	66	1	0	169	234	1	66	3.33e-29	117
regTaAOX-4BL.sv2	regTaAOX-4BL.sv2	100.000	249	0	0	1	249	1	249	1.00e-132	460
regTaAOX-4BL.sv2	regTaAOX-4BL.sv4	100.000	238	0	0	1	238	1	238	1.30e-126	440
regTaAOX-4BL.sv2	regTaAOX-4BL.sv1	100.000	238	0	0	1	238	1	238	1.30e-126	440
regTaAOX-4BL.sv2	regTaAOX-4BL.sv3	93.258	267	0	1	1	249	1	267	1.04e-107	377
regTaAOX-4BL.sv2	TaAOX1a-2BL	96.053	228	8	1	7	234	599	825	1.73e-105	370
regTaAOX-4BL.sv2	TaAOX1a-2DL.sv2	95.614	228	9	1	7	234	110	336	8.07e-104	364
regTaAOX-4BL.sv2	TaAOX1a-2DL.sv1	95.614	228	9	1	7	234	236	462	8.07e-104	364
regTaAOX-4BL.sv2	TaAOX1a-2AL.sv2	95.614	228	9	1	7	234	188	414	8.07e-104	364
regTaAOX-4BL.sv2	TaAOX1a-2AL.sv1	95.614	228	9	1	7	234	212	438	8.07e-104	364
regTaAOX-4BL.sv2	TaAOX1c-6DL	83.254	209	29	6	27	234	436	639	1.87e-50	187
regTaAOX-4BL.sv2	TaAOX1c-6BL.sv3	83.254	209	29	6	27	234	544	747	1.87e-50	187
regTaAOX-4BL.sv2	TaAOX1c-6BL.sv2	83.254	209	29	6	27	234	487	690	1.87e-50	187
regTaAOX-4BL.sv2	TaAOX1c-6BL.sv1	83.254	209	29	6	27	234	544	747	1.87e-50	187
regTaAOX-4BL.sv2	TaAOX1c-6AL	82.297	209	31	6	27	234	442	645	4.06e-47	176
regTaAOX-4BL.sv2	AetAOX1a	98.485	66	1	0	169	234	1	66	2.49e-29	117
regTaAOX-4BL.sv2	TuAOX1a	98.485	66	1	0	169	234	1	66	2.49e-29	117
regTaAOX-4BL.sv3	regTaAOX-4BL.sv3	100.000	267	0	0	1	267	1	267	1.06e-142	494
regTaAOX-4BL.sv3	regTaAOX-4BL.sv2	93.258	267	0	1	1	267	1	249	1.12e-107	377
regTaAOX-4BL.sv3	regTaAOX-4BL.sv4	92.969	256	0	1	1	256	1	238	1.45e-101	357
regTaAOX-4BL.sv3	regTaAOX-4BL.sv1	92.969	256	0	1	1	256	1	238	1.45e-101	357
regTaAOX-4BL.sv3	TaAOX1a-2BL	89.024	246	8	2	7	252	599	825	1.93e-80	287
regTaAOX-4BL.sv3	TaAOX1a-2DL.sv2	88.618	246	9	2	7	252	110	336	9.00e-79	281
regTaAOX-4BL.sv3	TaAOX1a-2DL.sv1	88.618	246	9	2	7	252	236	462	9.00e-79	281
regTaAOX-4BL.sv3	TaAOX1a-2AL.sv2	88.618	246	9	2	7	252	188	414	9.00e-79	281
regTaAOX-4BL.sv3	TaAOX1a-2AL.sv1	88.618	246	9	2	7	252	212	438	9.00e-79	281
regTaAOX-4BL.sv3	AetAOX1a	98.485	66	1	0	187	252	1	66	2.69e-29	117
regTaAOX-4BL.sv3	TuAOX1a	98.485	66	1	0	187	252	1	66	2.69e-29	117
regTaAOX-4BL.sv4	regTaAOX-4BL.sv4	100.000	327	0	0	1	327	1	327	5.82e-176	604
regTaAOX-4BL.sv4	regTaAOX-4BL.sv1	100.000	327	0	0	1	327	1	327	5.82e-176	604
regTaAOX-4BL.sv4	regTaAOX-4BL.sv2	100.000	238	0	0	1	238	1	238	1.74e-126	440
regTaAOX-4BL.sv4	TaAOX1a-2BL	96.053	228	8	1	7	234	599	825	2.31e-105	370
regTaAOX-4BL.sv4	TaAOX1a-2DL.sv2	95.614	228	9	1	7	234	110	336	1.08e-103	364
regTaAOX-4BL.sv4	TaAOX1a-2DL.sv1	95.614	228	9	1	7	234	236	462	1.08e-103	364
regTaAOX-4BL.sv4	TaAOX1a-2AL.sv2	95.614	228	9	1	7	234	188	414	1.08e-103	364
regTaAOX-4BL.sv4	TaAOX1a-2AL.sv1	95.614	228	9	1	7	234	212	438	1.08e-103	364
regTaAOX-4BL.sv4	regTaAOX-4BL.sv3	92.969	256	0	1	1	238	1	256	1.80e-101	357
regTaAOX-4BL.sv4	TaAOX1c-6DL	83.254	209	29	6	27	234	436	639	2.50e-50	187
regTaAOX-4BL.sv4	TaAOX1c-6BL.sv3	83.254	209	29	6	27	234	544	747	2.50e-50	187
regTaAOX-4BL.sv4	TaAOX1c-6BL.sv2	83.254	209	29	6	27	234	487	690	2.50e-50	187
regTaAOX-4BL.sv4	TaAOX1c-6BL.sv1	83.254	209	29	6	27	234	544	747	2.50e-50	187
regTaAOX-4BL.sv4	TaAOX1c-6AL	82.297	209	31	6	27	234	442	645	5.41e-47	176
regTaAOX-4BL.sv4	AetAOX1a	98.485	66	1	0	169	234	1	66	3.33e-29	117
regTaAOX-4BL.sv4	TuAOX1a	98.485	66	1	0	169	234	1	66	3.33e-29	117
TaAOX1c-6AL	TaAOX1c-6AL	100.000	1194	0	0	1	1194	1	1194	0.0	2206
TaAOX1c-6AL	TaAOX1c-6DL	96.658	1197	28	4	1	1194	1	1188	0.0	1978
TaAOX1c-6AL	TaAOX1c-6BL.sv3	95.816	1195	32	8	3	1194	117	1296	0.0	1914
TaAOX1c-6AL	TaAOX1c-6BL.sv1	95.816	1195	32	8	3	1194	117	1296	0.0	1914
TaAOX1c-6AL	TaAOX1c-6BL.sv2	96.897	870	21	3	328	1194	373	1239	0.0	1452
TaAOX1c-6AL	TaAOX1c-6BL.sv2	94.052	269	10	3	3	271	117	379	8.58e-115	403
TaAOX1c-6AL	TuAOX1c	99.853	679	1	0	516	1194	627	1305	0.0	1249
TaAOX1c-6AL	TaAOX1a-2DL.sv2	85.185	756	109	3	442	1194	130	885	0.0	773
TaAOX1c-6AL	TaAOX1a-2DL.sv1	85.185	756	109	3	442	1194	256	1011	0.0	773
TaAOX1c-6AL	TaAOX1a-2BL	86.123	699	94	3	442	1137	619	1317	0.0	750
TaAOX1c-6AL	TaAOX1a-2AL.sv2	86.143	700	92	5	442	1137	208	906	0.0	750
TaAOX1c-6AL	TaAOX1a-2AL.sv1	86.143	700	92	5	442	1137	232	930	0.0	750
TaAOX1c-6AL	AetAOX1d	82.024	751	133	2	445	1194	139	888	0.0	638
TaAOX1c-6AL	TaAOX1d-2DL	81.891	751	134	2	445	1194	232	981	0.0	632
TaAOX1c-6AL	TaAOX1d-2AL.1	81.673	753	132	6	445	1194	136	885	2.18e-180	621
TaAOX1c-6AL	TuAOX1d.2	81.516	752	135	4	445	1194	463	1212	1.01e-178	616
TaAOX1c-6AL	TuAOX1d.1	81.383	752	136	4	445	1194	139	888	4.71e-177	610
TaAOX1c-6AL	TaAOX1d-2AL.2.sv2	81.383	752	136	4	445	1194	244	993	4.71e-177	610
TaAOX1c-6AL	TaAOX1d-2AL.2.sv1	81.383	752	136	4	445	1194	244	993	4.71e-177	610
TaAOX1c-6AL	regTaAOX-4BL.sv4	82.297	209	31	6	442	645	27	234	2.04e-46	176
TaAOX1c-6AL	regTaAOX-4BL.sv2	82.297	209	31	6	442	645	27	234	2.04e-46	176
TaAOX1c-6AL	regTaAOX-4BL.sv1	82.297	209	31	6	442	645	27	234	2.04e-46	176
TaAOX1c-6BL.sv1	TaAOX1c-6BL.sv3	100.000	1296	0	0	1	1296	1	1296	0.0	2394
TaAOX1c-6BL.sv1	TaAOX1c-6BL.sv1	100.000	1296	0	0	1	1296	1	1296	0.0	2394
TaAOX1c-6BL.sv1	TaAOX1c-6DL	96.543	1186	35	3	117	1296	3	1188	0.0	1958
TaAOX1c-6BL.sv1	TaAOX1c-6AL	95.816	1195	32	8	117	1296	3	1194	0.0	1914
TaAOX1c-6BL.sv1	TaAOX1c-6BL.sv2	100.000	867	0	0	430	1296	373	1239	0.0	1602
TaAOX1c-6BL.sv1	TaAOX1c-6BL.sv2	100.000	373	0	0	1	373	1	373	0.0	689
TaAOX1c-6BL.sv1	TuAOX1c	98.233	679	12	0	618	1296	627	1305	0.0	1188
TaAOX1c-6BL.sv1	TaAOX1a-2DL.sv2	86.376	756	100	3	544	1296	130	885	0.0	822
TaAOX1c-6BL.sv1	TaAOX1a-2DL.sv1	86.376	756	100	3	544	1296	256	1011	0.0	822
TaAOX1c-6BL.sv1	TaAOX1a-2BL	87.268	699	86	3	544	1239	619	1317	0.0	795
TaAOX1c-6BL.sv1	TaAOX1a-2AL.sv2	87.143	700	85	5	544	1239	208	906	0.0	789
TaAOX1c-6BL.sv1	TaAOX1a-2AL.sv1	87.143	700	85	5	544	1239	232	930	0.0	789
TaAOX1c-6BL.sv1	AetAOX1a	87.134	614	79	0	683	1296	2	615	0.0	697
TaAOX1c-6BL.sv1	TuAOX1a	88.510	557	64	0	683	1239	2	558	0.0	675
TaAOX1c-6BL.sv1	AetAOX1d	81.877	767	137	2	531	1296	123	888	0.0	645
TaAOX1c-6BL.sv1	TaAOX1d-2DL	81.747	767	138	2	531	1296	216	981	0.0	640
TaAOX1c-6BL.sv1	TaAOX1d-2AL.1	81.383	752	136	4	547	1296	136	885	5.12e-177	610
TaAOX1c-6BL.sv1	TuAOX1d.2	81.225	751	139	2	547	1296	463	1212	2.38e-175	604
TaAOX1c-6BL.sv1	TuAOX1d.1	80.599	768	145	4	531	1296	123	888	6.67e-171	590
TaAOX1c-6BL.sv1	TaAOX1d-2AL.2.sv2	80.599	768	145	4	531	1296	228	993	6.67e-171	590
TaAOX1c-6BL.sv1	TaAOX1d-2AL.2.sv1	80.599	768	145	4	531	1296	228	993	6.67e-171	590
TaAOX1c-6BL.sv1	TaAOX1a-like-2DL	87.900	438	53	0	802	1239	1	438	1.15e-148	516
TaAOX1c-6BL.sv1	regTaAOX-4BL.sv4	83.254	209	29	6	544	747	27	234	1.02e-49	187
TaAOX1c-6BL.sv1	regTaAOX-4BL.sv2	83.254	209	29	6	544	747	27	234	1.02e-49	187
TaAOX1c-6BL.sv1	regTaAOX-4BL.sv1	83.254	209	29	6	544	747	27	234	1.02e-49	187
TaAOX1c-6BL.sv2	TaAOX1c-6BL.sv2	100.000	1239	0	0	1	1239	1	1239	0.0	2289
TaAOX1c-6BL.sv2	TaAOX1c-6BL.sv3	100.000	867	0	0	373	1239	430	1296	0.0	1602
TaAOX1c-6BL.sv2	TaAOX1c-6BL.sv3	100.000	373	0	0	1	373	1	373	0.0	689
TaAOX1c-6BL.sv2	TaAOX1c-6BL.sv1	100.000	867	0	0	373	1239	430	1296	0.0	1602
TaAOX1c-6BL.sv2	TaAOX1c-6BL.sv1	100.000	373	0	0	1	373	1	373	0.0	689
TaAOX1c-6BL.sv2	TaAOX1c-6DL	98.155	867	16	0	373	1239	322	1188	0.0	1513
TaAOX1c-6BL.sv2	TaAOX1c-6DL	91.791	268	16	3	117	378	3	270	3.25e-104	368
TaAOX1c-6BL.sv2	TaAOX1c-6AL	96.897	870	21	3	373	1239	328	1194	0.0	1452
TaAOX1c-6BL.sv2	TaAOX1c-6AL	94.052	269	10	3	117	379	3	271	8.91e-115	403
TaAOX1c-6BL.sv2	TuAOX1c	98.233	679	12	0	561	1239	627	1305	0.0	1188
TaAOX1c-6BL.sv2	TaAOX1a-2DL.sv2	86.376	756	100	3	487	1239	130	885	0.0	822
TaAOX1c-6BL.sv2	TaAOX1a-2DL.sv1	86.376	756	100	3	487	1239	256	1011	0.0	822
TaAOX1c-6BL.sv2	TaAOX1a-2BL	87.268	699	86	3	487	1182	619	1317	0.0	795
TaAOX1c-6BL.sv2	TaAOX1a-2AL.sv2	87.143	700	85	5	487	1182	208	906	0.0	789
TaAOX1c-6BL.sv2	TaAOX1a-2AL.sv1	87.143	700	85	5	487	1182	232	930	0.0	789
TaAOX1c-6BL.sv2	AetAOX1a	87.134	614	79	0	626	1239	2	615	0.0	697
TaAOX1c-6BL.sv2	TuAOX1a	88.510	557	64	0	626	1182	2	558	0.0	675
TaAOX1c-6BL.sv2	AetAOX1d	81.877	767	137	2	474	1239	123	888	0.0	645
TaAOX1c-6BL.sv2	TaAOX1d-2DL	81.747	767	138	2	474	1239	216	981	0.0	640
TaAOX1c-6BL.sv2	TaAOX1d-2AL.1	81.383	752	136	4	490	1239	136	885	4.89e-177	610
TaAOX1c-6BL.sv2	TuAOX1d.2	81.225	751	139	2	490	1239	463	1212	2.27e-175	604
TaAOX1c-6BL.sv2	TuAOX1d.1	80.599	768	145	4	474	1239	123	888	6.37e-171	590
TaAOX1c-6BL.sv2	TaAOX1d-2AL.2.sv2	80.599	768	145	4	474	1239	228	993	6.37e-171	590
TaAOX1c-6BL.sv2	TaAOX1d-2AL.2.sv1	80.599	768	145	4	474	1239	228	993	6.37e-171	590
TaAOX1c-6BL.sv2	TaAOX1a-like-2DL	87.900	438	53	0	745	1182	1	438	1.10e-148	516
TaAOX1c-6BL.sv2	regTaAOX-4BL.sv4	83.254	209	29	6	487	690	27	234	9.76e-50	187
TaAOX1c-6BL.sv2	regTaAOX-4BL.sv2	83.254	209	29	6	487	690	27	234	9.76e-50	187
TaAOX1c-6BL.sv2	regTaAOX-4BL.sv1	83.254	209	29	6	487	690	27	234	9.76e-50	187
TaAOX1c-6BL.sv3	TaAOX1c-6BL.sv3	100.000	1296	0	0	1	1296	1	1296	0.0	2394
TaAOX1c-6BL.sv3	TaAOX1c-6BL.sv1	100.000	1296	0	0	1	1296	1	1296	0.0	2394
TaAOX1c-6BL.sv3	TaAOX1c-6DL	96.543	1186	35	3	117	1296	3	1188	0.0	1958
TaAOX1c-6BL.sv3	TaAOX1c-6AL	95.816	1195	32	8	117	1296	3	1194	0.0	1914
TaAOX1c-6BL.sv3	TaAOX1c-6BL.sv2	100.000	867	0	0	430	1296	373	1239	0.0	1602
TaAOX1c-6BL.sv3	TaAOX1c-6BL.sv2	100.000	373	0	0	1	373	1	373	0.0	689
TaAOX1c-6BL.sv3	TuAOX1c	98.233	679	12	0	618	1296	627	1305	0.0	1188
TaAOX1c-6BL.sv3	TaAOX1a-2DL.sv2	86.376	756	100	3	544	1296	130	885	0.0	822
TaAOX1c-6BL.sv3	TaAOX1a-2DL.sv1	86.376	756	100	3	544	1296	256	1011	0.0	822
TaAOX1c-6BL.sv3	TaAOX1a-2BL	87.268	699	86	3	544	1239	619	1317	0.0	795
TaAOX1c-6BL.sv3	TaAOX1a-2AL.sv2	87.143	700	85	5	544	1239	208	906	0.0	789
TaAOX1c-6BL.sv3	TaAOX1a-2AL.sv1	87.143	700	85	5	544	1239	232	930	0.0	789
TaAOX1c-6BL.sv3	AetAOX1a	87.134	614	79	0	683	1296	2	615	0.0	697
TaAOX1c-6BL.sv3	TuAOX1a	88.510	557	64	0	683	1239	2	558	0.0	675
TaAOX1c-6BL.sv3	AetAOX1d	81.877	767	137	2	531	1296	123	888	0.0	645
TaAOX1c-6BL.sv3	TaAOX1d-2DL	81.747	767	138	2	531	1296	216	981	0.0	640
TaAOX1c-6BL.sv3	TaAOX1d-2AL.1	81.383	752	136	4	547	1296	136	885	5.12e-177	610
TaAOX1c-6BL.sv3	TuAOX1d.2	81.225	751	139	2	547	1296	463	1212	2.38e-175	604
TaAOX1c-6BL.sv3	TuAOX1d.1	80.599	768	145	4	531	1296	123	888	6.67e-171	590
TaAOX1c-6BL.sv3	TaAOX1d-2AL.2.sv2	80.599	768	145	4	531	1296	228	993	6.67e-171	590
TaAOX1c-6BL.sv3	TaAOX1d-2AL.2.sv1	80.599	768	145	4	531	1296	228	993	6.67e-171	590
TaAOX1c-6BL.sv3	TaAOX1a-like-2DL	87.900	438	53	0	802	1239	1	438	1.15e-148	516
TaAOX1c-6BL.sv3	regTaAOX-4BL.sv4	83.254	209	29	6	544	747	27	234	1.02e-49	187
TaAOX1c-6BL.sv3	regTaAOX-4BL.sv2	83.254	209	29	6	544	747	27	234	1.02e-49	187
TaAOX1c-6BL.sv3	regTaAOX-4BL.sv1	83.254	209	29	6	544	747	27	234	1.02e-49	187
TaAOX1c-6DL	TaAOX1c-6DL	100.000	1188	0	0	1	1188	1	1188	0.0	2194
TaAOX1c-6DL	TaAOX1c-6AL	96.658	1197	28	4	1	1188	1	1194	0.0	1978
TaAOX1c-6DL	TaAOX1c-6BL.sv3	96.543	1186	35	3	3	1188	117	1296	0.0	1958
TaAOX1c-6DL	TaAOX1c-6BL.sv1	96.543	1186	35	3	3	1188	117	1296	0.0	1958
TaAOX1c-6DL	TaAOX1c-6BL.sv2	98.155	867	16	0	322	1188	373	1239	0.0	1513
TaAOX1c-6DL	TaAOX1c-6BL.sv2	91.791	268	16	3	3	270	117	378	3.11e-104	368
TaAOX1c-6DL	TuAOX1c	98.527	679	10	0	510	1188	627	1305	0.0	1199
TaAOX1c-6DL	TaAOX1a-2DL.sv2	85.979	756	103	3	436	1188	130	885	0.0	806
TaAOX1c-6DL	TaAOX1a-2DL.sv1	85.979	756	103	3	436	1188	256	1011	0.0	806
TaAOX1c-6DL	TaAOX1a-2AL.sv2	87.000	700	86	5	436	1131	208	906	0.0	784
TaAOX1c-6DL	TaAOX1a-2AL.sv1	87.000	700	86	5	436	1131	232	930	0.0	784
TaAOX1c-6DL	TaAOX1a-2BL	86.838	699	89	3	436	1131	619	1317	0.0	778
TaAOX1c-6DL	AetAOX1a	86.645	614	82	0	575	1188	2	615	0.0	680
TaAOX1c-6DL	TuAOX1a	87.971	557	67	0	575	1131	2	558	0.0	658
TaAOX1c-6DL	AetAOX1d	81.641	768	137	4	423	1188	123	888	0.0	634
TaAOX1c-6DL	TaAOX1d-2DL	81.510	768	138	4	423	1188	216	981	0.0	628
TaAOX1c-6DL	TaAOX1d-2AL.1	81.275	753	135	6	439	1188	136	885	2.18e-175	604
TaAOX1c-6DL	TuAOX1d.2	81.117	752	138	4	439	1188	463	1212	1.01e-173	599
TaAOX1c-6DL	TuAOX1d.1	80.624	769	143	6	423	1188	123	888	6.10e-171	590
TaAOX1c-6DL	TaAOX1d-2AL.2.sv2	80.624	769	143	6	423	1188	228	993	6.10e-171	590
TaAOX1c-6DL	TaAOX1d-2AL.2.sv1	80.624	769	143	6	423	1188	228	993	6.10e-171	590
TaAOX1c-6DL	TaAOX1a-like-2DL	87.671	438	54	0	694	1131	1	438	4.89e-147	510
TaAOX1c-6DL	regTaAOX-4BL.sv4	83.254	209	29	6	436	639	27	234	9.36e-50	187
TaAOX1c-6DL	regTaAOX-4BL.sv2	83.254	209	29	6	436	639	27	234	9.36e-50	187
TaAOX1c-6DL	regTaAOX-4BL.sv1	83.254	209	29	6	436	639	27	234	9.36e-50	187
regTaAOX-3B	regTaAOX-3B	100.000	324	0	0	1	324	1	324	2.68e-174	599
regTaAOX-3B	AetAOX1e	97.778	225	5	0	1	225	703	927	6.32e-111	388
regTaAOX-3B	AetAOX1e	97.273	110	2	1	215	324	990	1098	8.90e-50	185
TaAOX1d-2AL.1	TaAOX1d-2AL.1	100.000	885	0	0	1	885	1	885	0.0	1635
TaAOX1d-2AL.1	TuAOX1d.2	97.401	885	23	0	1	885	328	1212	0.0	1507
TaAOX1d-2AL.1	AetAOX1d	92.117	888	67	3	1	885	1	888	0.0	1249
TaAOX1d-2AL.1	TaAOX1d-2DL	91.892	888	69	3	1	885	94	981	0.0	1238
TaAOX1d-2AL.1	TuAOX1d.1	91.329	888	74	3	1	885	1	888	0.0	1210
TaAOX1d-2AL.1	TaAOX1d-2AL.2.sv2	91.216	888	75	3	1	885	106	993	0.0	1205
TaAOX1d-2AL.1	TaAOX1d-2AL.2.sv1	91.216	888	75	3	1	885	106	993	0.0	1205
TaAOX1d-2AL.1	TaAOX1c-6AL	81.673	753	132	6	136	885	445	1194	1.61e-180	621
TaAOX1d-2AL.1	TaAOX1a-2DL.sv2	81.408	753	137	2	136	885	133	885	9.68e-178	612
TaAOX1d-2AL.1	TaAOX1a-2DL.sv1	81.408	753	137	2	136	885	259	1011	9.68e-178	612
TaAOX1d-2AL.1	TaAOX1c-6BL.sv3	81.383	752	136	4	136	885	547	1296	3.48e-177	610
TaAOX1d-2AL.1	TaAOX1c-6BL.sv2	81.383	752	136	4	136	885	490	1239	3.48e-177	610
TaAOX1d-2AL.1	TaAOX1c-6BL.sv1	81.383	752	136	4	136	885	547	1296	3.48e-177	610
TaAOX1d-2AL.1	AetAOX1d-like	97.214	359	10	0	156	514	336	694	1.25e-176	608
TaAOX1d-2AL.1	AetAOX1d-like	92.411	224	17	0	59	282	107	330	6.57e-90	320
TaAOX1d-2AL.1	AetAOX1d-like	97.015	134	4	0	752	885	737	870	1.47e-61	226
TaAOX1d-2AL.1	AetAOX1d-like	98.000	50	1	0	560	609	692	741	7.25e-20	87.9
TaAOX1d-2AL.1	TaAOX1a-2AL.sv2	81.275	753	138	2	136	885	211	963	4.50e-176	606
TaAOX1d-2AL.1	TaAOX1a-2AL.sv1	81.275	753	138	2	136	885	235	987	4.50e-176	606
TaAOX1d-2AL.1	TaAOX1c-6DL	81.275	753	135	6	136	885	439	1188	1.62e-175	604
TaAOX1d-2AL.1	TaAOX1a-2BL	81.142	753	139	2	136	885	622	1374	2.09e-174	601
TaAOX1d-2AL.1	TaAOX1a-like-2DL	87.879	495	60	0	391	885	1	495	7.59e-169	582
TaAOX1d-2AL.1	TuAOX1c	81.938	681	119	4	207	885	627	1305	4.57e-166	573
TaAOX1d-2AL.1	AetAOX1a	83.979	568	91	0	318	885	48	615	9.96e-158	545
TaAOX1d-2AL.1	TuAOX1a	83.627	568	93	0	318	885	48	615	2.16e-154	534
TaAOX1d-2AL.1	AetAOX1e	78.153	769	158	10	122	885	335	1098	2.85e-138	481
TaAOX1d-2AL.2.sv1	TaAOX1d-2AL.2.sv2	100.000	993	0	0	1	993	1	993	0.0	1834
TaAOX1d-2AL.2.sv1	TaAOX1d-2AL.2.sv1	100.000	993	0	0	1	993	1	993	0.0	1834
TaAOX1d-2AL.2.sv1	TaAOX1d-2DL	96.942	981	30	0	13	993	1	981	0.0	1646
TaAOX1d-2AL.2.sv1	TuAOX1d.1	99.887	888	1	0	106	993	1	888	0.0	1635
TaAOX1d-2AL.2.sv1	AetAOX1d	96.847	888	28	0	106	993	1	888	0.0	1485
TaAOX1d-2AL.2.sv1	TuAOX1d.2	91.038	915	69	11	84	993	306	1212	0.0	1223
TaAOX1d-2AL.2.sv1	TaAOX1d-2AL.1	91.216	888	75	3	106	993	1	885	0.0	1205
TaAOX1d-2AL.2.sv1	TaAOX1a-2DL.sv2	81.457	755	133	6	244	993	133	885	1.09e-177	612
TaAOX1d-2AL.2.sv1	TaAOX1a-2DL.sv1	81.457	755	133	6	244	993	259	1011	1.09e-177	612
TaAOX1d-2AL.2.sv1	TaAOX1c-6AL	81.383	752	136	4	244	993	445	1194	3.91e-177	610
TaAOX1d-2AL.2.sv1	TaAOX1a-2BL	81.325	755	134	6	244	993	622	1374	5.06e-176	606
TaAOX1d-2AL.2.sv1	TaAOX1a-2AL.sv2	81.192	755	135	6	244	993	211	963	2.36e-174	601
TaAOX1d-2AL.2.sv1	TaAOX1a-2AL.sv1	81.192	755	135	6	244	993	235	987	2.36e-174	601
TaAOX1d-2AL.2.sv1	TaAOX1c-6DL	80.624	769	143	6	228	993	423	1188	5.10e-171	590
TaAOX1d-2AL.2.sv1	TaAOX1c-6BL.sv3	80.599	768	145	4	228	993	531	1296	5.10e-171	590
TaAOX1d-2AL.2.sv1	TaAOX1c-6BL.sv2	80.599	768	145	4	228	993	474	1239	5.10e-171	590
TaAOX1d-2AL.2.sv1	TaAOX1c-6BL.sv1	80.599	768	145	4	228	993	531	1296	5.10e-171	590
TaAOX1d-2AL.2.sv1	TaAOX1a-like-2DL	87.702	496	59	2	499	993	1	495	3.97e-167	577
TaAOX1d-2AL.2.sv1	TuAOX1c	81.938	681	119	4	315	993	627	1305	5.13e-166	573
TaAOX1d-2AL.2.sv1	AetAOX1a	83.390	584	95	2	411	993	33	615	5.21e-156	540
TaAOX1d-2AL.2.sv1	TuAOX1a	82.877	584	98	2	411	993	33	615	5.24e-151	523
TaAOX1d-2AL.2.sv1	AetAOX1d-like	92.458	358	27	0	265	622	337	694	1.14e-147	512
TaAOX1d-2AL.2.sv1	AetAOX1d-like	88.596	228	21	5	164	390	107	330	2.10e-75	272
TaAOX1d-2AL.2.sv1	AetAOX1d-like	95.522	134	6	0	860	993	737	870	3.59e-58	215
TaAOX1d-2AL.2.sv1	AetAOX1d-like	96.000	50	2	0	668	717	692	741	3.79e-18	82.4
TaAOX1d-2AL.2.sv1	AetAOX1e	78.329	766	142	18	240	993	345	1098	5.36e-136	473
TaAOX1d-2AL.2.sv2	TaAOX1d-2AL.2.sv2	100.000	993	0	0	1	993	1	993	0.0	1834
TaAOX1d-2AL.2.sv2	TaAOX1d-2AL.2.sv1	100.000	993	0	0	1	993	1	993	0.0	1834
TaAOX1d-2AL.2.sv2	TaAOX1d-2DL	96.942	981	30	0	13	993	1	981	0.0	1646
TaAOX1d-2AL.2.sv2	TuAOX1d.1	99.887	888	1	0	106	993	1	888	0.0	1635
TaAOX1d-2AL.2.sv2	AetAOX1d	96.847	888	28	0	106	993	1	888	0.0	1485
TaAOX1d-2AL.2.sv2	TuAOX1d.2	91.038	915	69	11	84	993	306	1212	0.0	1223
TaAOX1d-2AL.2.sv2	TaAOX1d-2AL.1	91.216	888	75	3	106	993	1	885	0.0	1205
TaAOX1d-2AL.2.sv2	TaAOX1a-2DL.sv2	81.457	755	133	6	244	993	133	885	1.09e-177	612
TaAOX1d-2AL.2.sv2	TaAOX1a-2DL.sv1	81.457	755	133	6	244	993	259	1011	1.09e-177	612
TaAOX1d-2AL.2.sv2	TaAOX1c-6AL	81.383	752	136	4	244	993	445	1194	3.91e-177	610
TaAOX1d-2AL.2.sv2	TaAOX1a-2BL	81.325	755	134	6	244	993	622	1374	5.06e-176	606
TaAOX1d-2AL.2.sv2	TaAOX1a-2AL.sv2	81.192	755	135	6	244	993	211	963	2.36e-174	601
TaAOX1d-2AL.2.sv2	TaAOX1a-2AL.sv1	81.192	755	135	6	244	993	235	987	2.36e-174	601
TaAOX1d-2AL.2.sv2	TaAOX1c-6DL	80.624	769	143	6	228	993	423	1188	5.10e-171	590
TaAOX1d-2AL.2.sv2	TaAOX1c-6BL.sv3	80.599	768	145	4	228	993	531	1296	5.10e-171	590
TaAOX1d-2AL.2.sv2	TaAOX1c-6BL.sv2	80.599	768	145	4	228	993	474	1239	5.10e-171	590
TaAOX1d-2AL.2.sv2	TaAOX1c-6BL.sv1	80.599	768	145	4	228	993	531	1296	5.10e-171	590
TaAOX1d-2AL.2.sv2	TaAOX1a-like-2DL	87.702	496	59	2	499	993	1	495	3.97e-167	577
TaAOX1d-2AL.2.sv2	TuAOX1c	81.938	681	119	4	315	993	627	1305	5.13e-166	573
TaAOX1d-2AL.2.sv2	AetAOX1a	83.390	584	95	2	411	993	33	615	5.21e-156	540
TaAOX1d-2AL.2.sv2	TuAOX1a	82.877	584	98	2	411	993	33	615	5.24e-151	523
TaAOX1d-2AL.2.sv2	AetAOX1d-like	92.458	358	27	0	265	622	337	694	1.14e-147	512
TaAOX1d-2AL.2.sv2	AetAOX1d-like	88.596	228	21	5	164	390	107	330	2.10e-75	272
TaAOX1d-2AL.2.sv2	AetAOX1d-like	95.522	134	6	0	860	993	737	870	3.59e-58	215
TaAOX1d-2AL.2.sv2	AetAOX1d-like	96.000	50	2	0	668	717	692	741	3.79e-18	82.4
TaAOX1d-2AL.2.sv2	AetAOX1e	78.329	766	142	18	240	993	345	1098	5.36e-136	473
TaAOX1d-2DL	TaAOX1d-2DL	100.000	981	0	0	1	981	1	981	0.0	1812
TaAOX1d-2DL	TaAOX1d-2AL.2.sv2	96.942	981	30	0	1	981	13	993	0.0	1646
TaAOX1d-2DL	TaAOX1d-2AL.2.sv1	96.942	981	30	0	1	981	13	993	0.0	1646
TaAOX1d-2DL	AetAOX1d	99.550	888	4	0	94	981	1	888	0.0	1618
TaAOX1d-2DL	TuAOX1d.1	96.734	888	29	0	94	981	1	888	0.0	1480
TaAOX1d-2DL	TuAOX1d.2	91.694	915	63	11	72	981	306	1212	0.0	1256
TaAOX1d-2DL	TaAOX1d-2AL.1	91.892	888	69	3	94	981	1	885	0.0	1238
TaAOX1d-2DL	TaAOX1a-2DL.sv2	82.626	754	126	4	232	981	133	885	0.0	662
TaAOX1d-2DL	TaAOX1a-2DL.sv1	82.626	754	126	4	232	981	259	1011	0.0	662
TaAOX1d-2DL	TaAOX1c-6BL.sv3	81.747	767	138	2	216	981	531	1296	0.0	640
TaAOX1d-2DL	TaAOX1c-6BL.sv2	81.747	767	138	2	216	981	474	1239	0.0	640
TaAOX1d-2DL	TaAOX1c-6BL.sv1	81.747	767	138	2	216	981	531	1296	0.0	640
TaAOX1d-2DL	TaAOX1a-2BL	81.963	754	131	4	232	981	622	1374	0.0	634
TaAOX1d-2DL	TaAOX1a-2AL.sv2	81.963	754	131	4	232	981	211	963	0.0	634
TaAOX1d-2DL	TaAOX1a-2AL.sv1	81.963	754	131	4	232	981	235	987	0.0	634
TaAOX1d-2DL	TaAOX1c-6AL	81.891	751	134	2	232	981	445	1194	0.0	632
TaAOX1d-2DL	TaAOX1c-6DL	81.510	768	138	4	216	981	423	1188	0.0	628
TaAOX1d-2DL	TuAOX1c	82.500	680	117	2	303	981	627	1305	1.08e-172	595
TaAOX1d-2DL	AetAOX1a	84.880	582	88	0	400	981	34	615	1.81e-170	588
TaAOX1d-2DL	TaAOX1a-like-2DL	87.879	495	60	0	487	981	1	495	8.43e-169	582
TaAOX1d-2DL	TuAOX1a	84.021	582	93	0	400	981	34	615	3.95e-162	560
TaAOX1d-2DL	AetAOX1d-like	92.737	358	26	0	253	610	337	694	2.41e-149	518
TaAOX1d-2DL	AetAOX1d-like	87.719	228	23	5	152	378	107	330	4.48e-72	261
TaAOX1d-2DL	AetAOX1d-like	97.761	134	3	0	848	981	737	870	3.52e-63	231
TaAOX1d-2DL	AetAOX1d-like	100.000	50	0	0	656	705	692	741	1.73e-21	93.5
TaAOX1d-2DL	AetAOX1e	78.824	765	140	16	228	981	345	1098	1.13e-142	496
TuAOX1a	TuAOX1a	100.000	615	0	0	1	615	1	615	0.0	1136
TuAOX1a	AetAOX1a	98.537	615	9	0	1	615	1	615	0.0	1086
TuAOX1a	TaAOX1a-2DL.sv2	98.537	615	9	0	1	615	271	885	0.0	1086
TuAOX1a	TaAOX1a-2DL.sv1	98.537	615	9	0	1	615	397	1011	0.0	1086
TuAOX1a	TaAOX1a-2AL.sv2	98.374	615	10	0	1	615	349	963	0.0	1081
TuAOX1a	TaAOX1a-2AL.sv1	98.374	615	10	0	1	615	373	987	0.0	1081
TuAOX1a	TaAOX1a-2BL	98.211	615	11	0	1	615	760	1374	0.0	1075
TuAOX1a	TaAOX1a-like-2DL	95.354	495	23	0	121	615	1	495	0.0	787
TuAOX1a	TaAOX1c-6BL.sv3	88.510	557	64	0	2	558	683	1239	0.0	675
TuAOX1a	TaAOX1c-6BL.sv2	88.510	557	64	0	2	558	626	1182	0.0	675
TuAOX1a	TaAOX1c-6BL.sv1	88.510	557	64	0	2	558	683	1239	0.0	675
TuAOX1a	TaAOX1c-6DL	87.971	557	67	0	2	558	575	1131	0.0	658
TuAOX1a	AetAOX1e	83.850	613	91	6	7	615	490	1098	2.43e-167	577
TuAOX1a	AetAOX1d	84.021	582	93	0	34	615	307	888	2.45e-162	560
TuAOX1a	TaAOX1d-2DL	84.021	582	93	0	34	615	400	981	2.45e-162	560
TuAOX1a	TuAOX1d.2	84.183	569	88	2	48	615	645	1212	1.48e-159	551
TuAOX1a	TaAOX1d-2AL.1	83.627	568	93	0	48	615	318	885	1.49e-154	534
TuAOX1a	TuAOX1d.1	82.877	584	98	2	33	615	306	888	3.22e-151	523
TuAOX1a	TaAOX1d-2AL.2.sv2	82.877	584	98	2	33	615	411	993	3.22e-151	523
TuAOX1a	TaAOX1d-2AL.2.sv1	82.877	584	98	2	33	615	411	993	3.22e-151	523
TuAOX1a	AetAOX1d-like	83.249	197	33	0	48	244	498	694	2.23e-48	182
TuAOX1a	regTaAOX-4BL.sv4	98.485	66	1	0	1	66	169	234	6.38e-29	117
TuAOX1a	regTaAOX-4BL.sv3	98.485	66	1	0	1	66	187	252	6.38e-29	117
TuAOX1a	regTaAOX-4BL.sv2	98.485	66	1	0	1	66	169	234	6.38e-29	117
TuAOX1a	regTaAOX-4BL.sv1	98.485	66	1	0	1	66	169	234	6.38e-29	117
TuAOX1c	TuAOX1c	100.000	1305	0	0	1	1305	1	1305	0.0	2410
TuAOX1c	TaAOX1c-6AL	99.853	679	1	0	627	1305	516	1194	0.0	1249
TuAOX1c	TaAOX1c-6DL	98.527	679	10	0	627	1305	510	1188	0.0	1199
TuAOX1c	TaAOX1c-6BL.sv3	98.233	679	12	0	627	1305	618	1296	0.0	1188
TuAOX1c	TaAOX1c-6BL.sv2	98.233	679	12	0	627	1305	561	1239	0.0	1188
TuAOX1c	TaAOX1c-6BL.sv1	98.233	679	12	0	627	1305	618	1296	0.0	1188
TuAOX1c	AetAOX1d	82.647	680	116	2	627	1305	210	888	3.10e-174	601
TuAOX1c	TaAOX1d-2DL	82.500	680	117	2	627	1305	303	981	1.44e-172	595
TuAOX1c	TuAOX1d.2	82.206	680	119	2	627	1305	534	1212	3.12e-169	584
TuAOX1c	TuAOX1d.1	81.938	681	119	4	627	1305	210	888	6.76e-166	573
TuAOX1c	TaAOX1d-2AL.2.sv2	81.938	681	119	4	627	1305	315	993	6.76e-166	573
TuAOX1c	TaAOX1d-2AL.2.sv1	81.938	681	119	4	627	1305	315	993	6.76e-166	573
TuAOX1c	TaAOX1d-2AL.1	81.938	681	119	4	627	1305	207	885	6.76e-166	573
TuAOX1d.1	TuAOX1d.1	100.000	888	0	0	1	888	1	888	0.0	1640
TuAOX1d.1	TaAOX1d-2AL.2.sv2	99.887	888	1	0	1	888	106	993	0.0	1635
TuAOX1d.1	TaAOX1d-2AL.2.sv1	99.887	888	1	0	1	888	106	993	0.0	1635
TuAOX1d.1	AetAOX1d	96.959	888	27	0	1	888	1	888	0.0	1491
TuAOX1d.1	TaAOX1d-2DL	96.734	888	29	0	1	888	94	981	0.0	1480
TuAOX1d.1	TaAOX1d-2AL.1	91.329	888	74	3	1	888	1	885	0.0	1210
TuAOX1d.1	TuAOX1d.2	90.929	893	68	11	1	888	328	1212	0.0	1188
TuAOX1d.1	TaAOX1a-2DL.sv2	81.457	755	133	6	139	888	133	885	9.71e-178	612
TuAOX1d.1	TaAOX1a-2DL.sv1	81.457	755	133	6	139	888	259	1011	9.71e-178	612
TuAOX1d.1	TaAOX1c-6AL	81.383	752	136	4	139	888	445	1194	3.49e-177	610
TuAOX1d.1	TaAOX1a-2BL	81.325	755	134	6	139	888	622	1374	4.52e-176	606
TuAOX1d.1	TaAOX1a-2AL.sv2	81.192	755	135	6	139	888	211	963	2.10e-174	601
TuAOX1d.1	TaAOX1a-2AL.sv1	81.192	755	135	6	139	888	235	987	2.10e-174	601
TuAOX1d.1	TaAOX1c-6DL	80.624	769	143	6	123	888	423	1188	4.55e-171	590
TuAOX1d.1	TaAOX1c-6BL.sv3	80.599	768	145	4	123	888	531	1296	4.55e-171	590
TuAOX1d.1	TaAOX1c-6BL.sv2	80.599	768	145	4	123	888	474	1239	4.55e-171	590
TuAOX1d.1	TaAOX1c-6BL.sv1	80.599	768	145	4	123	888	531	1296	4.55e-171	590
TuAOX1d.1	TaAOX1a-like-2DL	87.702	496	59	2	394	888	1	495	3.54e-167	577
TuAOX1d.1	TuAOX1c	81.938	681	119	4	210	888	627	1305	4.58e-166	573
TuAOX1d.1	AetAOX1a	83.390	584	95	2	306	888	33	615	4.65e-156	540
TuAOX1d.1	TuAOX1a	82.877	584	98	2	306	888	33	615	4.68e-151	523
TuAOX1d.1	AetAOX1d-like	92.737	358	26	0	160	517	337	694	2.18e-149	518
TuAOX1d.1	AetAOX1d-like	89.035	228	20	5	59	285	107	330	4.02e-77	278
TuAOX1d.1	AetAOX1d-like	95.522	134	6	0	755	888	737	870	3.20e-58	215
TuAOX1d.1	AetAOX1d-like	96.000	50	2	0	563	612	692	741	3.39e-18	82.4
TuAOX1d.1	AetAOX1e	78.329	766	142	18	135	888	345	1098	4.78e-136	473
TuAOX1d.2	TuAOX1d.2	100.000	1212	0	0	1	1212	1	1212	0.0	2239
TuAOX1d.2	TaAOX1d-2AL.1	97.401	885	23	0	328	1212	1	885	0.0	1507
TuAOX1d.2	TaAOX1d-2DL	91.676	913	67	7	306	1212	72	981	0.0	1256
TuAOX1d.2	AetAOX1d	91.695	891	65	7	328	1212	1	888	0.0	1227
TuAOX1d.2	TaAOX1d-2AL.2.sv2	91.019	913	73	7	306	1212	84	993	0.0	1223
TuAOX1d.2	TaAOX1d-2AL.2.sv1	91.019	913	73	7	306	1212	84	993	0.0	1223
TuAOX1d.2	TuAOX1d.1	90.909	891	72	7	328	1212	1	888	0.0	1188
TuAOX1d.2	AetAOX1d-like	98.050	359	7	0	483	841	336	694	0.0	625
TuAOX1d.2	AetAOX1d-like	85.380	342	38	8	268	609	1	330	5.35e-97	344
TuAOX1d.2	AetAOX1d-like	96.269	134	5	0	1079	1212	737	870	9.41e-60	220
TuAOX1d.2	AetAOX1d-like	98.000	50	1	0	887	936	692	741	9.96e-20	87.9
TuAOX1d.2	TaAOX1a-2DL.sv2	81.698	754	133	4	463	1212	133	885	0.0	623
TuAOX1d.2	TaAOX1a-2DL.sv1	81.698	754	133	4	463	1212	259	1011	0.0	623
TuAOX1d.2	TaAOX1a-2AL.sv2	81.698	754	133	4	463	1212	211	963	0.0	623
TuAOX1d.2	TaAOX1a-2AL.sv1	81.698	754	133	4	463	1212	235	987	0.0	623
TuAOX1d.2	TaAOX1c-6AL	81.516	752	135	4	463	1212	445	1194	1.03e-178	616
TuAOX1d.2	TaAOX1a-2BL	81.432	754	135	4	463	1212	622	1374	1.33e-177	612
TuAOX1d.2	TaAOX1c-6BL.sv3	81.225	751	139	2	463	1212	547	1296	2.22e-175	604
TuAOX1d.2	TaAOX1c-6BL.sv2	81.225	751	139	2	463	1212	490	1239	2.22e-175	604
TuAOX1d.2	TaAOX1c-6BL.sv1	81.225	751	139	2	463	1212	547	1296	2.22e-175	604
TuAOX1d.2	TaAOX1c-6DL	81.117	752	138	4	463	1212	439	1188	1.03e-173	599
TuAOX1d.2	TaAOX1a-like-2DL	88.306	496	56	2	718	1212	1	495	4.82e-172	593
TuAOX1d.2	TuAOX1c	82.206	680	119	2	534	1212	627	1305	2.90e-169	584
TuAOX1d.2	AetAOX1a	84.534	569	86	2	645	1212	48	615	1.36e-162	562
TuAOX1d.2	TuAOX1a	84.183	569	88	2	645	1212	48	615	2.94e-159	551
TuAOX1d.2	AetAOX1e	78.934	769	152	10	449	1212	335	1098	3.86e-148	514
AetAOX1a	AetAOX1a	100.000	615	0	0	1	615	1	615	0.0	1136
AetAOX1a	TaAOX1a-2DL.sv2	100.000	615	0	0	1	615	271	885	0.0	1136
AetAOX1a	TaAOX1a-2DL.sv1	100.000	615	0	0	1	615	397	1011	0.0	1136
AetAOX1a	TuAOX1a	98.537	615	9	0	1	615	1	615	0.0	1086
AetAOX1a	TaAOX1a-2BL	98.537	615	9	0	1	615	760	1374	0.0	1086
AetAOX1a	TaAOX1a-2AL.sv2	98.211	615	11	0	1	615	349	963	0.0	1075
AetAOX1a	TaAOX1a-2AL.sv1	98.211	615	11	0	1	615	373	987	0.0	1075
AetAOX1a	TaAOX1a-like-2DL	96.162	495	19	0	121	615	1	495	0.0	809
AetAOX1a	TaAOX1c-6BL.sv3	87.134	614	79	0	2	615	683	1296	0.0	697
AetAOX1a	TaAOX1c-6BL.sv2	87.134	614	79	0	2	615	626	1239	0.0	697
AetAOX1a	TaAOX1c-6BL.sv1	87.134	614	79	0	2	615	683	1296	0.0	697
AetAOX1a	TaAOX1c-6DL	86.645	614	82	0	2	615	575	1188	0.0	680
AetAOX1a	AetAOX1d	84.880	582	88	0	34	615	307	888	1.12e-170	588
AetAOX1a	TaAOX1d-2DL	84.880	582	88	0	34	615	400	981	1.12e-170	588
AetAOX1a	TuAOX1d.2	84.534	569	86	2	48	615	645	1212	6.81e-163	562
AetAOX1a	AetAOX1e	84.783	552	84	0	7	558	490	1041	1.14e-160	555
AetAOX1a	TaAOX1d-2AL.1	83.979	568	91	0	48	615	318	885	6.86e-158	545
AetAOX1a	TuAOX1d.1	83.390	584	95	2	33	615	306	888	3.19e-156	540
AetAOX1a	TaAOX1d-2AL.2.sv2	83.390	584	95	2	33	615	411	993	3.19e-156	540
AetAOX1a	TaAOX1d-2AL.2.sv1	83.390	584	95	2	33	615	411	993	3.19e-156	540
AetAOX1a	AetAOX1d-like	84.772	197	30	0	48	244	498	694	2.21e-53	198
AetAOX1a	regTaAOX-4BL.sv4	98.485	66	1	0	1	66	169	234	6.38e-29	117
AetAOX1a	regTaAOX-4BL.sv3	98.485	66	1	0	1	66	187	252	6.38e-29	117
AetAOX1a	regTaAOX-4BL.sv2	98.485	66	1	0	1	66	169	234	6.38e-29	117
AetAOX1a	regTaAOX-4BL.sv1	98.485	66	1	0	1	66	169	234	6.38e-29	117
AetAOX1e	AetAOX1e	100.000	1098	0	0	1	1098	1	1098	0.0	2028
AetAOX1e	TaAOX1a-2DL.sv2	83.866	657	106	0	385	1041	172	828	0.0	627
AetAOX1e	TaAOX1a-2DL.sv1	83.866	657	106	0	385	1041	298	954	0.0	627
AetAOX1e	TaAOX1a-2AL.sv2	82.591	718	117	6	385	1098	250	963	0.0	627
AetAOX1e	TaAOX1a-2AL.sv1	82.591	718	117	6	385	1098	274	987	0.0	627
AetAOX1e	TaAOX1a-2BL	82.451	718	118	6	385	1098	661	1374	2.00e-180	621
AetAOX1e	TuAOX1a	83.850	613	91	6	490	1098	7	615	4.39e-167	577
AetAOX1e	AetAOX1a	84.783	552	84	0	490	1041	7	558	2.06e-160	555
AetAOX1e	TuAOX1d.2	78.879	767	156	6	335	1098	449	1212	3.49e-148	514
AetAOX1e	AetAOX1d	78.796	764	142	14	345	1098	135	888	1.26e-142	496
AetAOX1e	TaAOX1d-2DL	78.796	764	142	14	345	1098	228	981	1.26e-142	496
AetAOX1e	TaAOX1d-2AL.1	78.125	768	160	8	335	1098	122	885	3.54e-138	481
AetAOX1e	TuAOX1d.1	78.329	766	142	18	345	1098	135	888	5.92e-136	473
AetAOX1e	TaAOX1d-2AL.2.sv2	78.329	766	142	18	345	1098	240	993	5.92e-136	473
AetAOX1e	TaAOX1d-2AL.2.sv1	78.329	766	142	18	345	1098	240	993	5.92e-136	473
AetAOX1e	TaAOX1a-like-2DL	82.966	499	77	6	604	1098	1	495	4.64e-127	444
AetAOX1e	regTaAOX-3B	97.778	225	5	0	703	927	1	225	2.21e-110	388
AetAOX1e	regTaAOX-3B	97.273	110	2	1	990	1098	215	324	3.11e-49	185
AetAOX1e	AetAOX1d-like	76.519	362	82	3	368	727	334	694	5.16e-52	195
AetAOX1d	AetAOX1d	100.000	888	0	0	1	888	1	888	0.0	1640
AetAOX1d	TaAOX1d-2DL	99.550	888	4	0	1	888	94	981	0.0	1618
AetAOX1d	TuAOX1d.1	96.959	888	27	0	1	888	1	888	0.0	1491
AetAOX1d	TaAOX1d-2AL.2.sv2	96.847	888	28	0	1	888	106	993	0.0	1485
AetAOX1d	TaAOX1d-2AL.2.sv1	96.847	888	28	0	1	888	106	993	0.0	1485
AetAOX1d	TaAOX1d-2AL.1	92.117	888	67	3	1	888	1	885	0.0	1249
AetAOX1d	TuAOX1d.2	91.713	893	61	11	1	888	328	1212	0.0	1227
AetAOX1d	TaAOX1a-2DL.sv2	82.626	754	126	4	139	888	133	885	0.0	662
AetAOX1d	TaAOX1a-2DL.sv1	82.626	754	126	4	139	888	259	1011	0.0	662
AetAOX1d	TaAOX1c-6BL.sv3	81.877	767	137	2	123	888	531	1296	0.0	645
AetAOX1d	TaAOX1c-6BL.sv2	81.877	767	137	2	123	888	474	1239	0.0	645
AetAOX1d	TaAOX1c-6BL.sv1	81.877	767	137	2	123	888	531	1296	0.0	645
AetAOX1d	TaAOX1c-6AL	82.024	751	133	2	139	888	445	1194	0.0	638
AetAOX1d	TaAOX1c-6DL	81.641	768	137	4	123	888	423	1188	0.0	634
AetAOX1d	TaAOX1a-2BL	81.963	754	131	4	139	888	622	1374	0.0	634
AetAOX1d	TaAOX1a-2AL.sv2	81.963	754	131	4	139	888	211	963	0.0	634
AetAOX1d	TaAOX1a-2AL.sv1	81.963	754	131	4	139	888	235	987	0.0	634
AetAOX1d	TuAOX1c	82.647	680	116	2	210	888	627	1305	2.10e-174	601
AetAOX1d	AetAOX1a	84.880	582	88	0	307	888	34	615	1.64e-170	588
AetAOX1d	TaAOX1a-like-2DL	87.879	495	60	0	394	888	1	495	7.61e-169	582
AetAOX1d	TuAOX1a	84.021	582	93	0	307	888	34	615	3.57e-162	560
AetAOX1d	AetAOX1d-like	93.258	356	24	0	160	515	337	692	1.30e-151	525
AetAOX1d	AetAOX1d-like	88.596	228	21	5	59	285	107	330	1.87e-75	272
AetAOX1d	AetAOX1d-like	97.761	134	3	0	755	888	737	870	3.18e-63	231
AetAOX1d	AetAOX1d-like	100.000	50	0	0	563	612	692	741	1.56e-21	93.5
AetAOX1d	AetAOX1e	78.824	765	140	16	135	888	345	1098	1.02e-142	496
AetAOX1d-like	AetAOX1d-like	100.000	870	0	0	1	870	1	870	0.0	1607
AetAOX1d-like	AetAOX1d-like	100.000	127	0	0	336	462	204	330	2.41e-64	235
AetAOX1d-like	AetAOX1d-like	100.000	127	0	0	204	330	336	462	2.41e-64	235
AetAOX1d-like	TuAOX1d.2	98.050	359	7	0	336	694	483	841	0.0	625
AetAOX1d-like	TuAOX1d.2	85.380	342	38	8	1	330	268	609	3.83e-97	344
AetAOX1d-like	TuAOX1d.2	96.269	134	5	0	737	870	1079	1212	6.74e-60	220
AetAOX1d-like	TuAOX1d.2	98.000	50	1	0	692	741	887	936	7.13e-20	87.9
AetAOX1d-like	TaAOX1d-2AL.1	97.214	359	10	0	336	694	156	514	1.23e-176	608
AetAOX1d-like	TaAOX1d-2AL.1	92.411	224	17	0	107	330	59	282	6.46e-90	320
AetAOX1d-like	TaAOX1d-2AL.1	97.015	134	4	0	737	870	752	885	1.45e-61	226
AetAOX1d-like	TaAOX1d-2AL.1	98.000	50	1	0	692	741	560	609	7.13e-20	87.9
AetAOX1d-like	AetAOX1d	93.258	356	24	0	337	692	160	515	1.27e-151	525
AetAOX1d-like	AetAOX1d	88.596	228	21	5	107	330	59	285	1.83e-75	272
AetAOX1d-like	AetAOX1d	97.761	134	3	0	737	870	755	888	3.11e-63	231
AetAOX1d-like	AetAOX1d	100.000	50	0	0	692	741	563	612	1.53e-21	93.5
AetAOX1d-like	TuAOX1d.1	92.737	358	26	0	337	694	160	517	2.13e-149	518
AetAOX1d-like	TuAOX1d.1	89.035	228	20	5	107	330	59	285	3.94e-77	278
AetAOX1d-like	TuAOX1d.1	95.522	134	6	0	737	870	755	888	3.13e-58	215
AetAOX1d-like	TuAOX1d.1	96.000	50	2	0	692	741	563	612	3.32e-18	82.4
AetAOX1d-like	TaAOX1d-2DL	92.737	358	26	0	337	694	253	610	2.13e-149	518
AetAOX1d-like	TaAOX1d-2DL	87.719	228	23	5	107	330	152	378	3.97e-72	261
AetAOX1d-like	TaAOX1d-2DL	97.761	134	3	0	737	870	848	981	3.11e-63	231
AetAOX1d-like	TaAOX1d-2DL	100.000	50	0	0	692	741	656	705	1.53e-21	93.5
AetAOX1d-like	TaAOX1d-2AL.2.sv2	92.458	358	27	0	337	694	265	622	9.92e-148	512
AetAOX1d-like	TaAOX1d-2AL.2.sv2	88.596	228	21	5	107	330	164	390	1.83e-75	272
AetAOX1d-like	TaAOX1d-2AL.2.sv2	95.522	134	6	0	737	870	860	993	3.13e-58	215
AetAOX1d-like	TaAOX1d-2AL.2.sv2	96.000	50	2	0	692	741	668	717	3.32e-18	82.4
AetAOX1d-like	TaAOX1d-2AL.2.sv1	92.458	358	27	0	337	694	265	622	9.92e-148	512
AetAOX1d-like	TaAOX1d-2AL.2.sv1	88.596	228	21	5	107	330	164	390	1.83e-75	272
AetAOX1d-like	TaAOX1d-2AL.2.sv1	95.522	134	6	0	737	870	860	993	3.13e-58	215
AetAOX1d-like	TaAOX1d-2AL.2.sv1	96.000	50	2	0	692	741	668	717	3.32e-18	82.4
AetAOX1d-like	TaAOX1a-2DL.sv2	79.651	344	68	2	352	694	172	514	1.11e-67	246
AetAOX1d-like	TaAOX1a-2DL.sv1	79.651	344	68	2	352	694	298	640	1.11e-67	246
AetAOX1d-like	TaAOX1a-2AL.sv2	79.651	344	68	2	352	694	250	592	1.11e-67	246
AetAOX1d-like	TaAOX1a-2AL.sv1	79.651	344	68	2	352	694	274	616	1.11e-67	246
AetAOX1d-like	TaAOX1a-2BL	78.779	344	71	2	352	694	661	1003	1.12e-62	230
AetAOX1d-like	TaAOX1a-like-2DL	99.194	124	1	0	571	694	1	124	5.21e-61	224
AetAOX1d-like	AetAOX1a	84.772	197	30	0	498	694	48	244	3.16e-53	198
AetAOX1d-like	AetAOX1e	76.584	363	80	5	334	694	368	727	4.08e-52	195
AetAOX1d-like	TuAOX1a	83.249	197	33	0	498	694	48	244	3.18e-48	182
