TaAOX1a-2AL.sv1	TaAOX1a-2AL.sv1	100.000	328	0	0	1	328	1	328	0.0	681
TaAOX1a-2AL.sv1	TaAOX1a-2BL	98.176	329	5	1	1	328	129	457	0.0	670
TaAOX1a-2AL.sv1	TaAOX1a-2DL.sv1	95.833	336	6	1	1	328	1	336	0.0	664
TaAOX1a-2AL.sv1	TaAOX1a-2AL.sv2	97.561	328	0	1	1	328	1	320	0.0	660
TaAOX1a-2AL.sv1	TaAOX1a-2DL.sv2	89.024	328	2	1	1	328	1	294	0.0	595
TaAOX1a-2AL.sv1	TaAOX1c-6DL	70.487	349	78	5	1	328	51	395	7.09e-177	487
TaAOX1a-2AL.sv1	TaAOX1c-6BL.sv3	70.231	346	78	5	4	328	90	431	4.52e-176	486
TaAOX1a-2AL.sv1	TaAOX1c-6BL.sv1	70.231	346	78	5	4	328	90	431	4.52e-176	486
TaAOX1a-2AL.sv1	TaAOX1c-6AL	70.115	348	77	5	4	328	54	397	1.72e-175	484
TaAOX1a-2AL.sv1	TaAOX1c-6BL.sv2	71.341	328	86	4	4	328	90	412	7.41e-172	475
TaAOX1a-2AL.sv1	ne.AesAOX1d	67.066	334	100	4	1	328	1	330	5.47e-164	452
TaAOX1a-2AL.sv1	ne.TaAOX1d-2BL.1	68.060	335	95	6	1	328	1	330	8.56e-164	451
TaAOX1a-2AL.sv1	TaAOX1d-2AL.2.sv2	65.868	334	104	4	1	328	1	330	3.01e-161	445
TaAOX1a-2AL.sv1	TaAOX1d-2AL.2.sv1	65.868	334	104	4	1	328	1	330	3.01e-161	445
TaAOX1a-2AL.sv1	TaAOX1d-2DL	66.061	330	102	4	5	328	1	326	2.14e-160	442
TaAOX1a-2AL.sv1	AetAOX1e	72.165	291	76	2	38	328	80	365	8.45e-158	437
TaAOX1a-2AL.sv1	AetAOX1a	100.000	204	0	0	125	328	1	204	3.94e-157	429
TaAOX1a-2AL.sv1	TuAOX1a	100.000	204	0	0	125	328	1	204	3.94e-157	429
TaAOX1a-2AL.sv1	AetAOX1d	69.930	286	85	1	43	328	11	295	5.66e-157	432
TaAOX1a-2AL.sv1	ne.TaAOX1d-2DL	65.672	335	101	6	1	328	1	328	1.52e-156	433
TaAOX1a-2AL.sv1	TuAOX1d.1	69.930	286	85	1	43	328	11	295	1.91e-156	431
TaAOX1a-2AL.sv1	TuAOX1d.2	65.244	328	100	4	1	328	90	403	3.73e-156	435
TaAOX1a-2AL.sv1	ne.TaAOX1d-2BL.2	66.269	335	100	6	1	328	1	329	6.83e-156	431
TaAOX1a-2AL.sv1	TuAOX1c	84.513	226	35	0	103	328	209	434	2.39e-152	426
TaAOX1a-2AL.sv1	put.TaAOX1e-3DS	76.357	258	60	1	71	328	6	262	4.23e-152	419
TaAOX1a-2AL.sv1	TaAOX1d-2AL.1	68.990	287	85	3	43	328	11	294	3.02e-149	413
TaAOX1a-2AL.sv1	TaAOX1a-like-2DL	95.732	164	7	0	165	328	1	164	1.24e-118	330
TaAOX1a-2AL.sv1	AetAOX1d-like	42.318	371	89	7	1	328	1	289	6.82e-86	252
TaAOX1a-2AL.sv1	put.TaAOX1d-like-4AS	57.143	210	53	3	43	252	11	183	9.20e-80	233
TaAOX1a-2AL.sv1	regTaAOX-3B	59.542	131	29	2	198	328	1	107	4.31e-49	151
TaAOX1a-2AL.sv1	regTaAOX-4BL.sv4	91.176	68	6	0	81	148	13	80	1.55e-44	139
TaAOX1a-2AL.sv1	regTaAOX-4BL.sv1	91.176	68	6	0	81	148	13	80	1.55e-44	139
TaAOX1a-2AL.sv1	regTaAOX-4BL.sv2	92.424	66	5	0	81	146	13	78	5.83e-44	137
TaAOX1a-2AL.sv1	regTaAOX-4BL.sv3	84.722	72	5	1	81	146	13	84	1.31e-41	131
TaAOX1a-2AL.sv1	put.regTaAOX-3B	97.674	43	1	0	104	146	2	44	1.51e-28	97.8
TaAOX1a-2AL.sv1	put.regTaAOX-6BL	84.722	72	10	1	1	71	9	80	6.75e-26	92.4
TaAOX1a-2AL.sv2	TaAOX1a-2AL.sv2	100.000	320	0	0	1	320	1	320	0.0	666
TaAOX1a-2AL.sv2	TaAOX1a-2AL.sv1	97.561	328	0	1	1	320	1	328	0.0	660
TaAOX1a-2AL.sv2	TaAOX1a-2BL	96.049	329	4	2	1	320	129	457	0.0	650
TaAOX1a-2AL.sv2	TaAOX1a-2DL.sv1	93.750	336	5	1	1	320	1	336	0.0	649
TaAOX1a-2AL.sv2	TaAOX1a-2DL.sv2	91.250	320	2	1	1	320	1	294	0.0	596
TaAOX1a-2AL.sv2	TaAOX1c-6DL	69.914	349	72	5	1	320	51	395	3.33e-176	485
TaAOX1a-2AL.sv2	TaAOX1c-6BL.sv3	69.653	346	72	5	4	320	90	431	9.98e-176	485
TaAOX1a-2AL.sv2	TaAOX1c-6BL.sv1	69.653	346	72	5	4	320	90	431	9.98e-176	485
TaAOX1a-2AL.sv2	TaAOX1c-6AL	69.540	348	71	5	4	320	54	397	5.76e-175	482
TaAOX1a-2AL.sv2	TaAOX1c-6BL.sv2	71.037	328	79	4	4	320	90	412	2.12e-170	471
TaAOX1a-2AL.sv2	ne.TaAOX1d-2BL.1	67.665	334	90	6	1	320	1	330	5.96e-162	446
TaAOX1a-2AL.sv2	ne.AesAOX1d	67.066	334	92	5	1	320	1	330	1.40e-161	445
TaAOX1a-2AL.sv2	TaAOX1d-2AL.2.sv2	66.168	334	95	6	1	320	1	330	2.17e-159	440
TaAOX1a-2AL.sv2	TaAOX1d-2AL.2.sv1	66.168	334	95	6	1	320	1	330	2.17e-159	440
TaAOX1a-2AL.sv2	TaAOX1d-2DL	66.364	330	93	6	5	320	1	326	1.54e-158	437
TaAOX1a-2AL.sv2	AetAOX1e	70.323	310	69	6	12	320	78	365	4.74e-157	435
TaAOX1a-2AL.sv2	AetAOX1a	100.000	204	0	0	117	320	1	204	5.71e-157	429
TaAOX1a-2AL.sv2	TuAOX1a	100.000	204	0	0	117	320	1	204	5.71e-157	429
TaAOX1a-2AL.sv2	ne.TaAOX1d-2DL	65.970	335	92	6	1	320	1	328	6.13e-157	434
TaAOX1a-2AL.sv2	ne.TaAOX1d-2BL.2	66.667	333	94	7	1	320	1	329	1.22e-155	430
TaAOX1a-2AL.sv2	TuAOX1d.2	66.361	327	90	6	1	320	90	403	1.34e-155	433
TaAOX1a-2AL.sv2	AetAOX1d	70.280	286	76	3	43	320	11	295	7.29e-155	427
TaAOX1a-2AL.sv2	TuAOX1d.1	70.280	286	76	3	43	320	11	295	2.28e-154	426
TaAOX1a-2AL.sv2	TuAOX1c	84.513	226	35	0	95	320	209	434	3.24e-152	426
TaAOX1a-2AL.sv2	put.TaAOX1e-3DS	76.357	258	60	1	63	320	6	262	3.84e-152	419
TaAOX1a-2AL.sv2	TaAOX1d-2AL.1	69.474	285	79	4	43	320	11	294	1.53e-148	411
TaAOX1a-2AL.sv2	TaAOX1a-like-2DL	95.732	164	7	0	157	320	1	164	1.91e-118	330
TaAOX1a-2AL.sv2	AetAOX1d-like	42.424	363	92	7	1	320	1	289	9.64e-87	254
TaAOX1a-2AL.sv2	put.TaAOX1d-like-4AS	56.731	208	49	3	43	244	11	183	8.53e-79	229
TaAOX1a-2AL.sv2	regTaAOX-3B	59.542	131	29	2	190	320	1	107	4.23e-49	151
TaAOX1a-2AL.sv2	regTaAOX-4BL.sv4	91.176	68	6	0	73	140	13	80	1.73e-44	139
TaAOX1a-2AL.sv2	regTaAOX-4BL.sv1	91.176	68	6	0	73	140	13	80	1.73e-44	139
TaAOX1a-2AL.sv2	regTaAOX-4BL.sv2	92.424	66	5	0	73	138	13	78	6.52e-44	137
TaAOX1a-2AL.sv2	regTaAOX-4BL.sv3	84.722	72	5	1	73	138	13	84	1.45e-41	131
TaAOX1a-2AL.sv2	put.regTaAOX-3B	97.674	43	1	0	96	138	2	44	1.64e-28	97.4
TaAOX1a-2AL.sv2	put.regTaAOX-6BL	83.929	56	8	1	1	55	9	64	6.22e-25	89.7
TaAOX1a-2BL	TaAOX1a-2BL	100.000	457	0	0	1	457	1	457	0.0	943
TaAOX1a-2BL	TaAOX1a-2AL.sv1	98.176	329	5	1	129	457	1	328	0.0	670
TaAOX1a-2BL	TaAOX1a-2DL.sv1	95.846	337	5	2	129	457	1	336	0.0	665
TaAOX1a-2BL	TaAOX1a-2AL.sv2	96.049	329	4	2	129	457	1	320	0.0	650
TaAOX1a-2BL	TaAOX1a-2DL.sv2	89.362	329	0	2	129	457	1	294	0.0	595
TaAOX1a-2BL	TaAOX1c-6DL	70.339	354	79	6	125	457	47	395	9.62e-174	484
TaAOX1a-2BL	TaAOX1c-6BL.sv3	70.690	348	74	7	132	457	90	431	1.15e-172	483
TaAOX1a-2BL	TaAOX1c-6BL.sv1	70.690	348	74	7	132	457	90	431	1.15e-172	483
TaAOX1a-2BL	TaAOX1c-6AL	70.571	350	73	7	132	457	54	397	7.30e-172	480
TaAOX1a-2BL	TaAOX1c-6BL.sv2	71.733	329	84	4	132	457	90	412	1.25e-169	474
TaAOX1a-2BL	ne.AesAOX1d	67.066	334	101	4	129	457	1	330	6.29e-160	447
TaAOX1a-2BL	ne.TaAOX1d-2BL.1	67.066	334	101	4	129	457	1	330	1.70e-159	446
TaAOX1a-2BL	TaAOX1d-2AL.2.sv2	65.868	334	105	4	129	457	1	330	4.48e-157	439
TaAOX1a-2BL	TaAOX1d-2AL.2.sv1	65.868	334	105	4	129	457	1	330	4.48e-157	439
TaAOX1a-2BL	TaAOX1d-2DL	66.061	330	103	4	133	457	1	326	2.43e-156	437
TaAOX1a-2BL	AetAOX1e	68.553	318	70	5	140	457	78	365	9.60e-156	437
TaAOX1a-2BL	AetAOX1a	100.000	204	0	0	254	457	1	204	3.77e-155	430
TaAOX1a-2BL	TuAOX1a	100.000	204	0	0	254	457	1	204	3.77e-155	430
TaAOX1a-2BL	AetAOX1d	70.280	286	84	1	172	457	11	295	3.13e-153	428
TaAOX1a-2BL	TuAOX1d.1	70.280	286	84	1	172	457	11	295	7.03e-153	427
TaAOX1a-2BL	ne.TaAOX1d-2DL	64.970	334	106	6	129	457	1	328	1.16e-152	428
TaAOX1a-2BL	TuAOX1d.2	64.742	329	101	3	129	457	90	403	3.88e-152	430
TaAOX1a-2BL	ne.TaAOX1d-2BL.2	65.970	335	102	6	129	457	1	329	3.93e-152	427
TaAOX1a-2BL	put.TaAOX1e-3DS	76.357	258	60	1	200	457	6	262	9.99e-151	421
TaAOX1a-2BL	TuAOX1c	84.513	226	35	0	232	457	209	434	2.13e-150	427
TaAOX1a-2BL	TaAOX1d-2AL.1	68.990	287	85	3	172	457	11	294	3.73e-146	410
TaAOX1a-2BL	TaAOX1a-like-2DL	95.732	164	7	0	294	457	1	164	3.81e-117	332
TaAOX1a-2BL	AetAOX1d-like	42.204	372	89	8	129	457	1	289	1.15e-82	248
TaAOX1a-2BL	put.TaAOX1d-like-4AS	56.667	210	54	3	172	381	11	183	1.02e-75	226
TaAOX1a-2BL	regTaAOX-3B	58.779	131	30	2	327	457	1	107	1.16e-47	151
TaAOX1a-2BL	regTaAOX-4BL.sv4	91.176	68	6	0	210	277	13	80	4.02e-43	139
TaAOX1a-2BL	regTaAOX-4BL.sv1	91.176	68	6	0	210	277	13	80	4.02e-43	139
TaAOX1a-2BL	regTaAOX-4BL.sv2	92.424	66	5	0	210	275	13	78	1.16e-42	137
TaAOX1a-2BL	regTaAOX-4BL.sv3	84.722	72	5	1	210	275	13	84	2.28e-40	131
TaAOX1a-2BL	put.regTaAOX-6BL	87.179	78	10	0	122	199	2	79	7.87e-33	113
TaAOX1a-2BL	put.regTaAOX-3B	97.674	43	1	0	233	275	2	44	2.14e-27	96.3
TaAOX1a-2DL.sv1	TaAOX1a-2DL.sv1	100.000	336	0	0	1	336	1	336	0.0	696
TaAOX1a-2DL.sv1	TaAOX1a-2BL	95.846	337	5	2	1	336	129	457	0.0	665
TaAOX1a-2DL.sv1	TaAOX1a-2AL.sv1	95.833	336	6	1	1	336	1	328	0.0	664
TaAOX1a-2DL.sv1	TaAOX1a-2AL.sv2	93.750	336	5	1	1	336	1	320	0.0	649
TaAOX1a-2DL.sv1	TaAOX1a-2DL.sv2	87.500	336	0	1	1	336	1	294	0.0	597
TaAOX1a-2DL.sv1	TaAOX1c-6DL	70.085	351	84	5	1	336	51	395	2.55e-177	488
TaAOX1a-2DL.sv1	TaAOX1c-6BL.sv3	70.809	346	84	5	4	336	90	431	2.99e-177	489
TaAOX1a-2DL.sv1	TaAOX1c-6BL.sv1	70.809	346	84	5	4	336	90	431	2.99e-177	489
TaAOX1a-2DL.sv1	TaAOX1c-6AL	71.264	348	81	4	4	336	54	397	3.11e-176	486
TaAOX1a-2DL.sv1	TaAOX1c-6BL.sv2	72.072	333	83	4	4	336	90	412	1.32e-171	474
TaAOX1a-2DL.sv1	ne.AesAOX1d	66.172	337	106	4	1	336	1	330	4.10e-163	450
TaAOX1a-2DL.sv1	ne.TaAOX1d-2BL.1	66.172	337	106	4	1	336	1	330	2.61e-162	448
TaAOX1a-2DL.sv1	TaAOX1d-2AL.2.sv2	64.985	337	110	4	1	336	1	330	3.95e-160	442
TaAOX1a-2DL.sv1	TaAOX1d-2AL.2.sv1	64.985	337	110	4	1	336	1	330	3.95e-160	442
TaAOX1a-2DL.sv1	TaAOX1d-2DL	65.165	333	108	4	5	336	1	326	1.93e-159	441
TaAOX1a-2DL.sv1	AetAOX1a	100.000	204	0	0	133	336	1	204	2.28e-157	431
TaAOX1a-2DL.sv1	TuAOX1a	100.000	204	0	0	133	336	1	204	2.28e-157	431
TaAOX1a-2DL.sv1	AetAOX1e	73.929	280	69	2	57	336	90	365	4.04e-157	436
TaAOX1a-2DL.sv1	ne.TaAOX1d-2DL	63.848	343	102	7	1	336	1	328	8.20e-156	431
TaAOX1a-2DL.sv1	ne.TaAOX1d-2BL.2	63.798	337	113	4	1	336	1	329	2.20e-155	430
TaAOX1a-2DL.sv1	AetAOX1d	69.728	294	80	3	43	336	11	295	6.33e-155	428
TaAOX1a-2DL.sv1	TuAOX1d.2	63.690	336	100	4	1	336	90	403	1.51e-154	431
TaAOX1a-2DL.sv1	TuAOX1d.1	69.728	294	80	3	43	336	11	295	1.93e-154	427
TaAOX1a-2DL.sv1	TuAOX1c	84.513	226	35	0	111	336	209	434	1.76e-152	427
TaAOX1a-2DL.sv1	put.TaAOX1e-3DS	76.357	258	60	1	79	336	6	262	3.83e-152	419
TaAOX1a-2DL.sv1	TaAOX1d-2AL.1	68.459	279	87	1	58	336	17	294	8.28e-148	410
TaAOX1a-2DL.sv1	TaAOX1a-like-2DL	95.732	164	7	0	173	336	1	164	8.43e-119	331
TaAOX1a-2DL.sv1	AetAOX1d-like	43.417	357	113	7	1	336	1	289	7.26e-86	252
TaAOX1a-2DL.sv1	put.TaAOX1d-like-4AS	54.128	218	55	4	43	260	11	183	1.19e-76	225
TaAOX1a-2DL.sv1	regTaAOX-3B	59.542	131	29	2	206	336	1	107	5.32e-49	151
TaAOX1a-2DL.sv1	regTaAOX-4BL.sv4	91.176	68	6	0	89	156	13	80	1.65e-44	140
TaAOX1a-2DL.sv1	regTaAOX-4BL.sv1	91.176	68	6	0	89	156	13	80	1.65e-44	140
TaAOX1a-2DL.sv1	regTaAOX-4BL.sv2	92.424	66	5	0	89	154	13	78	6.50e-44	137
TaAOX1a-2DL.sv1	regTaAOX-4BL.sv3	84.722	72	5	1	89	154	13	84	1.45e-41	131
TaAOX1a-2DL.sv1	put.regTaAOX-3B	97.674	43	1	0	112	154	2	44	1.42e-28	97.8
TaAOX1a-2DL.sv1	put.regTaAOX-6BL	82.143	56	9	1	1	55	9	64	7.63e-25	89.7
TaAOX1a-2DL.sv2	TaAOX1a-2DL.sv2	100.000	294	0	0	1	294	1	294	0.0	614
TaAOX1a-2DL.sv2	TaAOX1a-2AL.sv2	91.250	320	2	1	1	294	1	320	0.0	596
TaAOX1a-2DL.sv2	TaAOX1a-2BL	89.362	329	0	2	1	294	129	457	0.0	595
TaAOX1a-2DL.sv2	TaAOX1a-2AL.sv1	89.024	328	2	1	1	294	1	328	0.0	595
TaAOX1a-2DL.sv2	TaAOX1a-2DL.sv1	86.905	336	2	1	1	294	1	336	0.0	588
TaAOX1a-2DL.sv2	TaAOX1c-6BL.sv2	82.171	258	45	1	37	294	156	412	3.24e-169	467
TaAOX1a-2DL.sv2	TaAOX1c-6BL.sv3	82.171	258	45	1	37	294	175	431	6.54e-169	467
TaAOX1a-2DL.sv2	TaAOX1c-6BL.sv1	82.171	258	45	1	37	294	175	431	6.54e-169	467
TaAOX1a-2DL.sv2	TaAOX1c-6AL	82.558	258	44	1	37	294	141	397	1.23e-168	465
TaAOX1a-2DL.sv2	TaAOX1c-6AL	40.909	44	22	2	4	46	54	94	0.019	26.6
TaAOX1a-2DL.sv2	TaAOX1c-6DL	84.064	251	39	1	44	294	146	395	4.37e-168	463
TaAOX1a-2DL.sv2	AetAOX1e	72.664	289	72	2	12	294	78	365	2.16e-158	437
TaAOX1a-2DL.sv2	ne.AesAOX1d	65.257	331	77	4	1	294	1	330	3.49e-158	436
TaAOX1a-2DL.sv2	AetAOX1a	100.000	204	0	0	91	294	1	204	7.94e-157	427
TaAOX1a-2DL.sv2	TuAOX1a	100.000	204	0	0	91	294	1	204	7.94e-157	427
TaAOX1a-2DL.sv2	ne.TaAOX1d-2BL.1	64.048	331	81	3	1	294	1	330	8.81e-157	432
TaAOX1a-2DL.sv2	TaAOX1d-2DL	73.881	268	68	2	27	294	61	326	4.38e-155	427
TaAOX1a-2DL.sv2	TaAOX1d-2AL.2.sv2	63.444	331	83	3	1	294	1	330	9.94e-155	427
TaAOX1a-2DL.sv2	TaAOX1d-2AL.2.sv1	63.444	331	83	3	1	294	1	330	9.94e-155	427
TaAOX1a-2DL.sv2	AetAOX1d	73.507	268	69	2	27	294	30	295	5.06e-154	424
TaAOX1a-2DL.sv2	TuAOX1d.2	66.667	315	83	4	1	294	90	403	5.35e-154	428
TaAOX1a-2DL.sv2	TuAOX1d.1	73.507	268	69	2	27	294	30	295	1.39e-153	422
TaAOX1a-2DL.sv2	ne.TaAOX1d-2DL	64.438	329	81	5	1	294	1	328	4.67e-153	422
TaAOX1a-2DL.sv2	put.TaAOX1e-3DS	76.357	258	60	1	37	294	6	262	3.81e-152	418
TaAOX1a-2DL.sv2	TuAOX1c	84.513	226	35	0	69	294	209	434	4.90e-152	424
TaAOX1a-2DL.sv2	ne.TaAOX1d-2BL.2	63.333	330	84	4	1	294	1	329	4.54e-151	417
TaAOX1a-2DL.sv2	TaAOX1d-2AL.1	67.123	292	89	3	3	294	10	294	1.31e-147	407
TaAOX1a-2DL.sv2	TaAOX1a-like-2DL	95.732	164	7	0	131	294	1	164	1.35e-118	329
TaAOX1a-2DL.sv2	AetAOX1d-like	43.220	354	76	6	1	294	1	289	1.12e-86	253
TaAOX1a-2DL.sv2	put.TaAOX1d-like-4AS	59.890	182	38	2	37	218	37	183	2.55e-75	220
TaAOX1a-2DL.sv2	regTaAOX-3B	59.542	131	29	2	164	294	1	107	2.75e-49	150
TaAOX1a-2DL.sv2	regTaAOX-4BL.sv4	91.176	68	6	0	47	114	13	80	1.51e-44	139
TaAOX1a-2DL.sv2	regTaAOX-4BL.sv1	91.176	68	6	0	47	114	13	80	1.51e-44	139
TaAOX1a-2DL.sv2	regTaAOX-4BL.sv2	92.424	66	5	0	47	112	13	78	5.56e-44	136
TaAOX1a-2DL.sv2	regTaAOX-4BL.sv3	84.722	72	5	1	47	112	13	84	1.47e-41	130
TaAOX1a-2DL.sv2	put.regTaAOX-3B	97.674	43	1	0	70	112	2	44	2.31e-28	96.7
TaAOX1a-2DL.sv2	put.regTaAOX-6BL	86.667	30	3	1	1	29	9	38	1.11e-10	49.7
TaAOX1a-like-2DL	TaAOX1a-like-2DL	100.000	164	0	0	1	164	1	164	4.01e-125	340
TaAOX1a-like-2DL	AetAOX1a	95.732	164	7	0	1	164	41	204	1.47e-119	327
TaAOX1a-like-2DL	TuAOX1a	95.732	164	7	0	1	164	41	204	1.47e-119	327
TaAOX1a-like-2DL	TaAOX1a-2AL.sv1	95.732	164	7	0	1	164	165	328	6.21e-119	330
TaAOX1a-like-2DL	TaAOX1a-2DL.sv2	95.732	164	7	0	1	164	131	294	7.51e-119	329
TaAOX1a-like-2DL	TaAOX1a-2AL.sv2	95.732	164	7	0	1	164	157	320	9.78e-119	330
TaAOX1a-like-2DL	TaAOX1a-2DL.sv1	95.732	164	7	0	1	164	173	336	1.99e-118	329
TaAOX1a-like-2DL	TaAOX1a-2BL	95.732	164	7	0	1	164	294	457	4.63e-117	330
TaAOX1a-like-2DL	ne.TaAOX1d-2BL.2	84.756	164	25	0	1	164	166	329	1.33e-105	296
TaAOX1a-like-2DL	TuAOX1d.2	84.756	164	25	0	1	164	240	403	1.51e-105	299
TaAOX1a-like-2DL	ne.TaAOX1d-2DL	84.756	164	25	0	1	164	165	328	2.09e-105	296
TaAOX1a-like-2DL	TaAOX1d-2AL.1	83.537	164	27	0	1	164	131	294	7.20e-105	293
TaAOX1a-like-2DL	TaAOX1c-6BL.sv2	81.707	164	30	0	1	164	249	412	1.90e-104	296
TaAOX1a-like-2DL	ne.AesAOX1d	84.146	164	26	0	1	164	167	330	2.09e-104	294
TaAOX1a-like-2DL	ne.TaAOX1d-2BL.1	84.146	164	26	0	1	164	167	330	2.44e-104	293
TaAOX1a-like-2DL	TuAOX1d.1	84.146	164	26	0	1	164	132	295	2.62e-104	292
TaAOX1a-like-2DL	TaAOX1d-2DL	84.146	164	26	0	1	164	163	326	2.70e-104	293
TaAOX1a-like-2DL	TaAOX1c-6DL	81.707	164	30	0	1	164	232	395	3.58e-104	295
TaAOX1a-like-2DL	TaAOX1d-2AL.2.sv2	84.146	164	26	0	1	164	167	330	3.86e-104	293
TaAOX1a-like-2DL	TaAOX1d-2AL.2.sv1	84.146	164	26	0	1	164	167	330	3.86e-104	293
TaAOX1a-like-2DL	AetAOX1d	83.537	164	27	0	1	164	132	295	3.88e-104	292
TaAOX1a-like-2DL	TaAOX1c-6BL.sv3	81.707	164	30	0	1	164	268	431	4.78e-104	296
TaAOX1a-like-2DL	TaAOX1c-6BL.sv1	81.707	164	30	0	1	164	268	431	4.78e-104	296
TaAOX1a-like-2DL	TuAOX1c	81.707	164	30	0	1	164	271	434	1.12e-103	295
TaAOX1a-like-2DL	TaAOX1c-6AL	81.707	164	30	0	1	164	234	397	1.47e-103	294
TaAOX1a-like-2DL	AetAOX1e	79.878	164	33	0	1	164	202	365	7.51e-97	276
TaAOX1a-like-2DL	put.TaAOX1e-3DS	77.439	164	37	0	1	164	99	262	3.93e-94	265
TaAOX1a-like-2DL	put.TaAOX1d-like-4AS	89.773	88	9	0	1	88	96	183	1.07e-57	170
TaAOX1a-like-2DL	regTaAOX-3B	58.015	131	31	2	34	164	1	107	4.22e-49	145
TaAOX1a-like-2DL	AetAOX1d-like	48.780	164	19	2	1	164	191	289	4.92e-45	141
regTaAOX-4BL.sv1	regTaAOX-4BL.sv4	100.000	108	0	0	1	108	1	108	1.36e-81	225
regTaAOX-4BL.sv1	regTaAOX-4BL.sv1	100.000	108	0	0	1	108	1	108	1.36e-81	225
regTaAOX-4BL.sv1	regTaAOX-4BL.sv2	100.000	79	0	0	1	79	1	79	2.22e-59	168
regTaAOX-4BL.sv1	regTaAOX-4BL.sv3	92.941	85	0	1	1	79	1	85	4.83e-57	162
regTaAOX-4BL.sv1	TaAOX1a-2AL.sv1	91.176	68	6	0	13	80	81	148	5.12e-45	139
regTaAOX-4BL.sv1	TaAOX1a-2DL.sv2	91.176	68	6	0	13	80	47	114	5.56e-45	139
regTaAOX-4BL.sv1	TaAOX1a-2AL.sv2	91.176	68	6	0	13	80	73	140	5.85e-45	139
regTaAOX-4BL.sv1	TaAOX1a-2DL.sv1	91.176	68	6	0	13	80	89	156	1.07e-44	139
regTaAOX-4BL.sv1	TaAOX1a-2BL	91.176	68	6	0	13	80	210	277	7.24e-44	139
regTaAOX-4BL.sv1	TaAOX1c-6BL.sv2	70.588	68	19	1	13	80	166	232	9.24e-32	106
regTaAOX-4BL.sv1	TaAOX1c-6DL	66.667	72	23	1	9	80	145	215	1.04e-31	106
regTaAOX-4BL.sv1	TaAOX1c-6BL.sv3	70.588	68	19	1	13	80	185	251	1.11e-31	106
regTaAOX-4BL.sv1	TaAOX1c-6BL.sv1	70.588	68	19	1	13	80	185	251	1.11e-31	106
regTaAOX-4BL.sv1	TaAOX1c-6AL	65.278	72	24	1	9	80	147	217	2.52e-31	105
regTaAOX-4BL.sv1	AetAOX1e	63.889	72	25	1	9	80	115	185	3.05e-31	104
regTaAOX-4BL.sv1	put.TaAOX1e-3DS	62.500	72	26	1	9	80	12	82	4.84e-30	99.8
regTaAOX-4BL.sv1	put.regTaAOX-3B	93.023	43	3	0	36	78	2	44	1.41e-28	91.3
regTaAOX-4BL.sv1	TaAOX1d-2DL	58.824	68	27	1	13	80	80	146	3.26e-28	95.9
regTaAOX-4BL.sv1	TaAOX1d-2DL	27.273	33	24	0	76	108	38	70	3.0	17.7
regTaAOX-4BL.sv1	ne.TaAOX1d-2BL.1	60.294	68	26	1	13	80	84	150	4.16e-28	95.9
regTaAOX-4BL.sv1	ne.TaAOX1d-2BL.1	32.258	31	21	0	76	106	42	72	0.54	20.0
regTaAOX-4BL.sv1	ne.AesAOX1d	60.294	68	26	1	13	80	84	150	4.47e-28	95.5
regTaAOX-4BL.sv1	AetAOX1d	58.824	68	27	1	13	80	49	115	1.24e-27	94.0
regTaAOX-4BL.sv1	AetAOX1d	27.273	33	24	0	76	108	7	39	2.3	18.1
regTaAOX-4BL.sv1	TuAOX1d.1	57.353	68	28	1	13	80	49	115	4.79e-27	92.4
regTaAOX-4BL.sv1	TuAOX1d.1	27.273	33	24	0	76	108	7	39	2.2	18.1
regTaAOX-4BL.sv1	TaAOX1d-2AL.2.sv2	55.882	68	29	1	13	80	84	150	2.36e-26	90.9
regTaAOX-4BL.sv1	TaAOX1d-2AL.2.sv2	27.273	33	24	0	76	108	42	74	3.0	17.7
regTaAOX-4BL.sv1	TaAOX1d-2AL.2.sv1	55.882	68	29	1	13	80	84	150	2.36e-26	90.9
regTaAOX-4BL.sv1	TaAOX1d-2AL.2.sv1	27.273	33	24	0	76	108	42	74	3.0	17.7
regTaAOX-4BL.sv1	ne.TaAOX1d-2DL	52.113	71	33	1	10	80	79	148	2.17e-23	83.2
regTaAOX-4BL.sv1	TaAOX1d-2AL.1	52.941	68	31	1	13	80	48	114	3.03e-23	82.4
regTaAOX-4BL.sv1	TaAOX1d-2AL.1	25.806	31	23	0	76	106	7	37	3.5	17.3
regTaAOX-4BL.sv1	ne.TaAOX1d-2BL.2	52.941	68	31	1	13	80	83	149	6.96e-23	81.6
regTaAOX-4BL.sv1	TuAOX1d.2	52.941	68	31	1	13	80	157	223	1.24e-22	81.6
regTaAOX-4BL.sv1	AetAOX1d-like	51.613	62	30	0	19	80	113	174	2.74e-21	77.0
regTaAOX-4BL.sv1	AetAOX1d-like	54.902	51	22	1	10	60	61	110	1.22e-16	64.3
regTaAOX-4BL.sv1	TuAOX1c	69.565	46	14	0	35	80	209	254	5.87e-20	74.3
regTaAOX-4BL.sv1	AetAOX1a	91.667	24	2	0	57	80	1	24	6.43e-11	48.1
regTaAOX-4BL.sv1	TuAOX1a	91.667	24	2	0	57	80	1	24	6.43e-11	48.1
regTaAOX-4BL.sv1	put.TaAOX1d-like-4AS	39.130	46	22	2	13	58	47	86	1.88e-07	38.1
regTaAOX-4BL.sv1	put.TaAOX1d-like-4AS	29.412	17	12	0	90	106	20	36	1.6	18.5
regTaAOX-4BL.sv2	regTaAOX-4BL.sv2	100.000	82	0	0	1	82	1	82	5.91e-62	174
regTaAOX-4BL.sv2	regTaAOX-4BL.sv3	93.182	88	0	1	1	82	1	88	1.30e-59	168
regTaAOX-4BL.sv2	regTaAOX-4BL.sv4	100.000	79	0	0	1	79	1	79	1.68e-59	168
regTaAOX-4BL.sv2	regTaAOX-4BL.sv1	100.000	79	0	0	1	79	1	79	1.68e-59	168
regTaAOX-4BL.sv2	TaAOX1a-2AL.sv1	92.424	66	5	0	13	78	81	146	1.46e-44	137
regTaAOX-4BL.sv2	TaAOX1a-2DL.sv2	92.424	66	5	0	13	78	47	112	1.55e-44	136
regTaAOX-4BL.sv2	TaAOX1a-2AL.sv2	92.424	66	5	0	13	78	73	138	1.67e-44	137
regTaAOX-4BL.sv2	TaAOX1a-2DL.sv1	92.424	66	5	0	13	78	89	154	3.02e-44	137
regTaAOX-4BL.sv2	TaAOX1a-2BL	92.424	66	5	0	13	78	210	275	1.76e-43	137
regTaAOX-4BL.sv2	TaAOX1c-6BL.sv2	71.212	66	18	1	13	78	166	230	2.54e-31	104
regTaAOX-4BL.sv2	TaAOX1c-6DL	67.143	70	22	1	9	78	145	213	2.77e-31	103
regTaAOX-4BL.sv2	TaAOX1c-6BL.sv3	71.212	66	18	1	13	78	185	249	2.93e-31	104
regTaAOX-4BL.sv2	TaAOX1c-6BL.sv1	71.212	66	18	1	13	78	185	249	2.93e-31	104
regTaAOX-4BL.sv2	AetAOX1e	64.286	70	24	1	9	78	115	183	6.65e-31	102
regTaAOX-4BL.sv2	TaAOX1c-6AL	65.714	70	23	1	9	78	147	215	7.07e-31	102
regTaAOX-4BL.sv2	put.TaAOX1e-3DS	62.857	70	25	1	9	78	12	80	1.17e-29	97.4
regTaAOX-4BL.sv2	put.regTaAOX-3B	93.023	43	3	0	36	78	2	44	1.19e-28	90.5
regTaAOX-4BL.sv2	TaAOX1d-2DL	59.091	66	26	1	13	78	80	144	6.26e-28	94.0
regTaAOX-4BL.sv2	ne.TaAOX1d-2BL.1	60.606	66	25	1	13	78	84	148	6.82e-28	94.0
regTaAOX-4BL.sv2	ne.AesAOX1d	60.606	66	25	1	13	78	84	148	7.97e-28	94.0
regTaAOX-4BL.sv2	AetAOX1d	59.091	66	26	1	13	78	49	113	1.90e-27	92.4
regTaAOX-4BL.sv2	TuAOX1d.1	57.576	66	27	1	13	78	49	113	8.34e-27	90.5
regTaAOX-4BL.sv2	TaAOX1d-2AL.2.sv2	56.061	66	28	1	13	78	84	148	4.43e-26	89.4
regTaAOX-4BL.sv2	TaAOX1d-2AL.2.sv1	56.061	66	28	1	13	78	84	148	4.43e-26	89.4
regTaAOX-4BL.sv2	ne.TaAOX1d-2DL	52.174	69	32	1	10	78	79	146	1.36e-23	82.4
regTaAOX-4BL.sv2	TaAOX1d-2AL.1	53.030	66	30	1	13	78	48	112	3.35e-23	80.9
regTaAOX-4BL.sv2	ne.TaAOX1d-2BL.2	53.030	66	30	1	13	78	83	147	7.98e-23	80.5
regTaAOX-4BL.sv2	TuAOX1d.2	53.030	66	30	1	13	78	157	221	1.22e-22	80.5
regTaAOX-4BL.sv2	TuAOX1d.2	100.000	5	0	0	3	7	30	34	9.7	15.8
regTaAOX-4BL.sv2	AetAOX1d-like	51.667	60	29	0	19	78	113	172	2.93e-21	75.9
regTaAOX-4BL.sv2	AetAOX1d-like	54.902	51	22	1	10	60	61	110	6.56e-17	63.9
regTaAOX-4BL.sv2	TuAOX1c	70.455	44	13	0	35	78	209	252	7.15e-20	72.8
regTaAOX-4BL.sv2	AetAOX1a	95.455	22	1	0	57	78	1	22	6.95e-11	47.0
regTaAOX-4BL.sv2	TuAOX1a	95.455	22	1	0	57	78	1	22	6.95e-11	47.0
regTaAOX-4BL.sv2	put.TaAOX1d-like-4AS	39.130	46	22	2	13	58	47	86	2.08e-07	37.4
regTaAOX-4BL.sv3	regTaAOX-4BL.sv3	100.000	88	0	0	1	88	1	88	1.79e-66	186
regTaAOX-4BL.sv3	regTaAOX-4BL.sv2	93.182	88	0	1	1	88	1	82	1.40e-59	168
regTaAOX-4BL.sv3	regTaAOX-4BL.sv4	92.941	85	0	1	1	85	1	79	3.93e-57	162
regTaAOX-4BL.sv3	regTaAOX-4BL.sv1	92.941	85	0	1	1	85	1	79	3.93e-57	162
regTaAOX-4BL.sv3	TaAOX1a-2AL.sv1	84.722	72	5	1	13	84	81	146	3.50e-42	131
regTaAOX-4BL.sv3	TaAOX1a-2AL.sv2	84.722	72	5	1	13	84	73	138	4.00e-42	131
regTaAOX-4BL.sv3	TaAOX1a-2DL.sv2	84.722	72	5	1	13	84	47	112	4.41e-42	130
regTaAOX-4BL.sv3	TaAOX1a-2DL.sv1	84.722	72	5	1	13	84	89	154	7.19e-42	130
regTaAOX-4BL.sv3	TaAOX1a-2BL	84.722	72	5	1	13	84	210	275	3.87e-41	131
regTaAOX-4BL.sv3	TaAOX1c-6BL.sv2	65.278	72	18	2	13	84	166	230	5.67e-29	98.2
regTaAOX-4BL.sv3	TaAOX1c-6BL.sv3	65.278	72	18	2	13	84	185	249	6.21e-29	98.2
regTaAOX-4BL.sv3	TaAOX1c-6BL.sv1	65.278	72	18	2	13	84	185	249	6.21e-29	98.2
regTaAOX-4BL.sv3	TaAOX1c-6DL	61.842	76	22	2	9	84	145	213	6.59e-29	97.8
regTaAOX-4BL.sv3	put.regTaAOX-3B	93.023	43	3	0	42	84	2	44	1.19e-28	90.9
regTaAOX-4BL.sv3	AetAOX1e	59.211	76	24	2	9	84	115	183	1.41e-28	96.7
regTaAOX-4BL.sv3	TaAOX1c-6AL	60.526	76	23	2	9	84	147	215	1.45e-28	97.1
regTaAOX-4BL.sv3	put.TaAOX1e-3DS	57.895	76	25	2	9	84	12	80	2.69e-27	91.7
regTaAOX-4BL.sv3	TaAOX1d-2DL	54.167	72	26	2	13	84	80	144	1.49e-25	87.8
regTaAOX-4BL.sv3	ne.TaAOX1d-2BL.1	55.556	72	25	2	13	84	84	148	1.63e-25	87.8
regTaAOX-4BL.sv3	ne.AesAOX1d	55.556	72	25	2	13	84	84	148	1.66e-25	87.8
regTaAOX-4BL.sv3	AetAOX1d	54.167	72	26	2	13	84	49	113	4.92e-25	86.3
regTaAOX-4BL.sv3	TuAOX1d.1	52.778	72	27	2	13	84	49	113	1.97e-24	84.7
regTaAOX-4BL.sv3	TaAOX1d-2AL.2.sv2	51.389	72	28	2	13	84	84	148	9.73e-24	83.2
regTaAOX-4BL.sv3	TaAOX1d-2AL.2.sv1	51.389	72	28	2	13	84	84	148	9.73e-24	83.2
regTaAOX-4BL.sv3	ne.TaAOX1d-2DL	48.000	75	32	2	10	84	79	146	3.21e-21	76.3
regTaAOX-4BL.sv3	TuAOX1c	71.111	45	13	0	40	84	208	252	3.48e-21	76.6
regTaAOX-4BL.sv3	TaAOX1d-2AL.1	48.611	72	30	2	13	84	48	112	7.73e-21	75.1
regTaAOX-4BL.sv3	ne.TaAOX1d-2BL.2	48.611	72	30	2	13	84	83	147	1.67e-20	74.3
regTaAOX-4BL.sv3	TuAOX1d.2	48.611	72	30	2	13	84	157	221	2.35e-20	74.3
regTaAOX-4BL.sv3	AetAOX1d-like	46.970	66	29	1	19	84	113	172	8.71e-19	69.3
regTaAOX-4BL.sv3	AetAOX1d-like	49.123	57	22	2	10	66	61	110	1.23e-14	58.2
regTaAOX-4BL.sv3	AetAOX1a	95.455	22	1	0	63	84	1	22	8.02e-11	47.0
regTaAOX-4BL.sv3	TuAOX1a	95.455	22	1	0	63	84	1	22	8.02e-11	47.0
regTaAOX-4BL.sv3	put.TaAOX1d-like-4AS	46.875	32	10	2	13	44	47	71	4.49e-05	30.8
regTaAOX-4BL.sv4	regTaAOX-4BL.sv4	100.000	108	0	0	1	108	1	108	1.36e-81	225
regTaAOX-4BL.sv4	regTaAOX-4BL.sv1	100.000	108	0	0	1	108	1	108	1.36e-81	225
regTaAOX-4BL.sv4	regTaAOX-4BL.sv2	100.000	79	0	0	1	79	1	79	2.22e-59	168
regTaAOX-4BL.sv4	regTaAOX-4BL.sv3	92.941	85	0	1	1	79	1	85	4.83e-57	162
regTaAOX-4BL.sv4	TaAOX1a-2AL.sv1	91.176	68	6	0	13	80	81	148	5.12e-45	139
regTaAOX-4BL.sv4	TaAOX1a-2DL.sv2	91.176	68	6	0	13	80	47	114	5.56e-45	139
regTaAOX-4BL.sv4	TaAOX1a-2AL.sv2	91.176	68	6	0	13	80	73	140	5.85e-45	139
regTaAOX-4BL.sv4	TaAOX1a-2DL.sv1	91.176	68	6	0	13	80	89	156	1.07e-44	139
regTaAOX-4BL.sv4	TaAOX1a-2BL	91.176	68	6	0	13	80	210	277	7.24e-44	139
regTaAOX-4BL.sv4	TaAOX1c-6BL.sv2	70.588	68	19	1	13	80	166	232	9.24e-32	106
regTaAOX-4BL.sv4	TaAOX1c-6DL	66.667	72	23	1	9	80	145	215	1.04e-31	106
regTaAOX-4BL.sv4	TaAOX1c-6BL.sv3	70.588	68	19	1	13	80	185	251	1.11e-31	106
regTaAOX-4BL.sv4	TaAOX1c-6BL.sv1	70.588	68	19	1	13	80	185	251	1.11e-31	106
regTaAOX-4BL.sv4	TaAOX1c-6AL	65.278	72	24	1	9	80	147	217	2.52e-31	105
regTaAOX-4BL.sv4	AetAOX1e	63.889	72	25	1	9	80	115	185	3.05e-31	104
regTaAOX-4BL.sv4	put.TaAOX1e-3DS	62.500	72	26	1	9	80	12	82	4.84e-30	99.8
regTaAOX-4BL.sv4	put.regTaAOX-3B	93.023	43	3	0	36	78	2	44	1.41e-28	91.3
regTaAOX-4BL.sv4	TaAOX1d-2DL	58.824	68	27	1	13	80	80	146	3.26e-28	95.9
regTaAOX-4BL.sv4	TaAOX1d-2DL	27.273	33	24	0	76	108	38	70	3.0	17.7
regTaAOX-4BL.sv4	ne.TaAOX1d-2BL.1	60.294	68	26	1	13	80	84	150	4.16e-28	95.9
regTaAOX-4BL.sv4	ne.TaAOX1d-2BL.1	32.258	31	21	0	76	106	42	72	0.54	20.0
regTaAOX-4BL.sv4	ne.AesAOX1d	60.294	68	26	1	13	80	84	150	4.47e-28	95.5
regTaAOX-4BL.sv4	AetAOX1d	58.824	68	27	1	13	80	49	115	1.24e-27	94.0
regTaAOX-4BL.sv4	AetAOX1d	27.273	33	24	0	76	108	7	39	2.3	18.1
regTaAOX-4BL.sv4	TuAOX1d.1	57.353	68	28	1	13	80	49	115	4.79e-27	92.4
regTaAOX-4BL.sv4	TuAOX1d.1	27.273	33	24	0	76	108	7	39	2.2	18.1
regTaAOX-4BL.sv4	TaAOX1d-2AL.2.sv2	55.882	68	29	1	13	80	84	150	2.36e-26	90.9
regTaAOX-4BL.sv4	TaAOX1d-2AL.2.sv2	27.273	33	24	0	76	108	42	74	3.0	17.7
regTaAOX-4BL.sv4	TaAOX1d-2AL.2.sv1	55.882	68	29	1	13	80	84	150	2.36e-26	90.9
regTaAOX-4BL.sv4	TaAOX1d-2AL.2.sv1	27.273	33	24	0	76	108	42	74	3.0	17.7
regTaAOX-4BL.sv4	ne.TaAOX1d-2DL	52.113	71	33	1	10	80	79	148	2.17e-23	83.2
regTaAOX-4BL.sv4	TaAOX1d-2AL.1	52.941	68	31	1	13	80	48	114	3.03e-23	82.4
regTaAOX-4BL.sv4	TaAOX1d-2AL.1	25.806	31	23	0	76	106	7	37	3.5	17.3
regTaAOX-4BL.sv4	ne.TaAOX1d-2BL.2	52.941	68	31	1	13	80	83	149	6.96e-23	81.6
regTaAOX-4BL.sv4	TuAOX1d.2	52.941	68	31	1	13	80	157	223	1.24e-22	81.6
regTaAOX-4BL.sv4	AetAOX1d-like	51.613	62	30	0	19	80	113	174	2.74e-21	77.0
regTaAOX-4BL.sv4	AetAOX1d-like	54.902	51	22	1	10	60	61	110	1.22e-16	64.3
regTaAOX-4BL.sv4	TuAOX1c	69.565	46	14	0	35	80	209	254	5.87e-20	74.3
regTaAOX-4BL.sv4	AetAOX1a	91.667	24	2	0	57	80	1	24	6.43e-11	48.1
regTaAOX-4BL.sv4	TuAOX1a	91.667	24	2	0	57	80	1	24	6.43e-11	48.1
regTaAOX-4BL.sv4	put.TaAOX1d-like-4AS	39.130	46	22	2	13	58	47	86	1.88e-07	38.1
regTaAOX-4BL.sv4	put.TaAOX1d-like-4AS	29.412	17	12	0	90	106	20	36	1.6	18.5
TaAOX1c-6AL	TaAOX1c-6AL	100.000	397	0	0	1	397	1	397	0.0	812
TaAOX1c-6AL	TaAOX1c-6DL	95.466	397	16	1	1	397	1	395	0.0	767
TaAOX1c-6AL	TaAOX1c-6BL.sv3	95.202	396	15	2	2	397	40	431	0.0	685
TaAOX1c-6AL	TaAOX1c-6BL.sv1	95.202	396	15	2	2	397	40	431	0.0	685
TaAOX1c-6AL	TaAOX1c-6BL.sv2	89.141	396	20	2	2	397	40	412	0.0	645
TaAOX1c-6AL	TaAOX1a-2AL.sv1	70.370	351	77	4	51	397	1	328	0.0	510
TaAOX1c-6AL	TaAOX1a-2AL.sv2	70.370	351	69	5	51	397	1	320	0.0	503
TaAOX1c-6AL	TaAOX1a-2DL.sv1	71.225	351	82	4	51	397	1	336	0.0	498
TaAOX1c-6AL	TaAOX1a-2BL	70.255	353	75	6	51	397	129	457	1.50e-178	496
TaAOX1c-6AL	TuAOX1c	99.558	226	1	0	172	397	209	434	1.52e-173	483
TaAOX1c-6AL	TaAOX1a-2DL.sv2	79.061	277	52	2	122	397	23	294	1.40e-171	473
TaAOX1c-6AL	TaAOX1a-2DL.sv2	46.667	45	20	2	51	92	1	44	0.001	30.8
TaAOX1c-6AL	ne.TaAOX1d-2BL.1	65.418	347	103	3	51	397	1	330	2.44e-167	463
TaAOX1c-6AL	ne.AesAOX1d	64.841	347	105	3	51	397	1	330	4.04e-167	462
TaAOX1c-6AL	TaAOX1d-2AL.2.sv2	64.265	347	107	3	51	397	1	330	1.51e-166	461
TaAOX1c-6AL	TaAOX1d-2AL.2.sv1	64.265	347	107	3	51	397	1	330	1.51e-166	461
TaAOX1c-6AL	TaAOX1d-2DL	64.723	343	104	3	55	397	1	326	1.45e-164	456
TaAOX1c-6AL	ne.TaAOX1d-2DL	63.401	347	108	2	51	397	1	328	2.03e-161	448
TaAOX1c-6AL	ne.TaAOX1d-2BL.2	63.897	349	104	3	51	397	1	329	8.82e-160	444
TaAOX1c-6AL	AetAOX1d	71.579	285	76	2	117	397	12	295	4.34e-157	436
TaAOX1c-6AL	AetAOX1e	68.647	303	92	2	95	397	66	365	1.30e-156	437
TaAOX1c-6AL	TuAOX1d.1	71.228	285	77	2	117	397	12	295	1.56e-156	434
TaAOX1c-6AL	TuAOX1d.2	62.147	354	97	4	46	397	85	403	3.66e-152	427
TaAOX1c-6AL	TaAOX1d-2AL.1	69.258	283	85	1	117	397	12	294	1.35e-150	419
TaAOX1c-6AL	put.TaAOX1e-3DS	74.419	258	65	1	140	397	6	262	2.06e-150	417
TaAOX1c-6AL	AetAOX1a	86.765	204	27	0	194	397	1	204	1.93e-140	390
TaAOX1c-6AL	TuAOX1a	86.765	204	27	0	194	397	1	204	1.93e-140	390
TaAOX1c-6AL	TaAOX1a-like-2DL	81.707	164	30	0	234	397	1	164	2.93e-104	296
TaAOX1c-6AL	AetAOX1d-like	42.340	359	125	7	51	397	1	289	7.65e-87	257
TaAOX1c-6AL	put.TaAOX1d-like-4AS	55.825	206	56	2	117	321	12	183	1.05e-74	222
TaAOX1c-6AL	regTaAOX-3B	56.489	131	33	2	267	397	1	107	7.74e-47	147
TaAOX1c-6AL	regTaAOX-4BL.sv4	69.118	68	20	1	151	217	13	80	4.46e-31	106
TaAOX1c-6AL	regTaAOX-4BL.sv1	69.118	68	20	1	151	217	13	80	4.46e-31	106
TaAOX1c-6AL	regTaAOX-4BL.sv2	69.697	66	19	1	151	215	13	78	1.63e-30	103
TaAOX1c-6AL	regTaAOX-4BL.sv3	63.889	72	19	2	151	215	13	84	3.39e-28	97.8
TaAOX1c-6AL	put.regTaAOX-3B	74.419	43	11	0	173	215	2	44	2.03e-21	79.3
TaAOX1c-6AL	put.regTaAOX-3B	50.000	12	6	0	60	71	77	88	6.1	18.5
TaAOX1c-6AL	put.regTaAOX-6BL	49.206	63	20	4	51	108	9	64	1.05e-08	44.7
TaAOX1c-6BL.sv1	TaAOX1c-6BL.sv3	100.000	431	0	0	1	431	1	431	0.0	882
TaAOX1c-6BL.sv1	TaAOX1c-6BL.sv1	100.000	431	0	0	1	431	1	431	0.0	882
TaAOX1c-6BL.sv1	TaAOX1c-6BL.sv2	95.592	431	0	1	1	431	1	412	0.0	835
TaAOX1c-6BL.sv1	TaAOX1c-6DL	94.924	394	18	1	40	431	2	395	0.0	694
TaAOX1c-6BL.sv1	TaAOX1c-6AL	95.202	396	15	2	40	431	2	397	0.0	683
TaAOX1c-6BL.sv1	TaAOX1a-2AL.sv1	70.774	349	77	4	87	431	1	328	0.0	515
TaAOX1c-6BL.sv1	TaAOX1a-2AL.sv2	69.914	349	72	4	87	431	1	320	0.0	505
TaAOX1c-6BL.sv1	TaAOX1a-2DL.sv1	70.774	349	85	4	87	431	1	336	0.0	502
TaAOX1c-6BL.sv1	TaAOX1a-2BL	70.940	351	74	7	87	431	129	457	2.20e-179	500
TaAOX1c-6BL.sv1	TuAOX1c	98.673	226	3	0	206	431	209	434	8.29e-173	483
TaAOX1c-6BL.sv1	TaAOX1a-2DL.sv2	77.224	281	63	1	152	431	14	294	8.57e-172	474
TaAOX1c-6BL.sv1	ne.AesAOX1d	65.706	347	100	3	87	431	1	330	4.31e-169	469
TaAOX1c-6BL.sv1	ne.TaAOX1d-2BL.1	65.706	347	100	3	87	431	1	330	2.92e-168	467
TaAOX1c-6BL.sv1	TaAOX1d-2AL.2.sv2	64.841	347	103	3	87	431	1	330	6.97e-168	466
TaAOX1c-6BL.sv1	TaAOX1d-2AL.2.sv1	64.841	347	103	3	87	431	1	330	6.97e-168	466
TaAOX1c-6BL.sv1	TaAOX1d-2DL	65.598	343	99	3	91	431	1	326	1.39e-166	462
TaAOX1c-6BL.sv1	ne.TaAOX1d-2DL	63.401	347	106	2	87	431	1	328	7.62e-163	453
TaAOX1c-6BL.sv1	ne.TaAOX1d-2BL.2	63.401	347	107	3	87	431	1	329	1.45e-160	447
TaAOX1c-6BL.sv1	AetAOX1d	72.535	284	75	1	151	431	12	295	2.41e-160	446
TaAOX1c-6BL.sv1	TuAOX1d.1	71.831	284	77	1	151	431	12	295	2.47e-159	443
TaAOX1c-6BL.sv1	AetAOX1e	68.647	303	92	2	129	431	66	365	1.26e-157	441
TaAOX1c-6BL.sv1	TuAOX1d.2	61.823	351	101	4	82	431	85	403	1.48e-152	430
TaAOX1c-6BL.sv1	TaAOX1d-2AL.1	69.611	283	84	1	151	431	12	294	1.14e-151	423
TaAOX1c-6BL.sv1	put.TaAOX1e-3DS	73.462	260	69	0	172	431	3	262	2.34e-151	421
TaAOX1c-6BL.sv1	AetAOX1a	86.765	204	27	0	228	431	1	204	8.88e-141	392
TaAOX1c-6BL.sv1	TuAOX1a	86.765	204	27	0	228	431	1	204	8.88e-141	392
TaAOX1c-6BL.sv1	TaAOX1a-like-2DL	81.707	164	30	0	268	431	1	164	1.24e-104	299
TaAOX1c-6BL.sv1	AetAOX1d-like	40.617	389	87	7	87	431	1	289	1.35e-88	263
TaAOX1c-6BL.sv1	put.TaAOX1d-like-4AS	52.863	227	54	2	129	355	10	183	3.78e-76	227
TaAOX1c-6BL.sv1	regTaAOX-3B	56.489	131	33	2	301	431	1	107	9.17e-47	148
TaAOX1c-6BL.sv1	regTaAOX-4BL.sv4	70.588	68	19	1	185	251	13	80	1.68e-31	107
TaAOX1c-6BL.sv1	regTaAOX-4BL.sv1	70.588	68	19	1	185	251	13	80	1.68e-31	107
TaAOX1c-6BL.sv1	regTaAOX-4BL.sv2	71.212	66	18	1	185	249	13	78	6.59e-31	105
TaAOX1c-6BL.sv1	regTaAOX-4BL.sv3	65.278	72	18	2	185	249	13	84	1.30e-28	99.4
TaAOX1c-6BL.sv1	put.regTaAOX-3B	76.744	43	10	0	207	249	2	44	8.17e-22	80.9
TaAOX1c-6BL.sv1	put.regTaAOX-3B	50.000	12	6	0	96	107	77	88	6.6	18.5
TaAOX1c-6BL.sv1	put.regTaAOX-6BL	50.820	61	20	4	87	142	9	64	4.76e-09	45.8
TaAOX1c-6BL.sv2	TaAOX1c-6BL.sv2	100.000	412	0	0	1	412	1	412	0.0	846
TaAOX1c-6BL.sv2	TaAOX1c-6BL.sv3	95.592	431	0	1	1	412	1	431	0.0	835
TaAOX1c-6BL.sv2	TaAOX1c-6BL.sv1	95.592	431	0	1	1	412	1	431	0.0	835
TaAOX1c-6BL.sv2	TaAOX1c-6DL	90.863	394	15	2	40	412	2	395	0.0	719
TaAOX1c-6BL.sv2	TaAOX1c-6AL	90.404	396	15	2	40	412	2	397	0.0	660
TaAOX1c-6BL.sv2	TaAOX1a-2AL.sv1	73.273	333	77	4	87	412	1	328	0.0	508
TaAOX1c-6BL.sv2	TaAOX1a-2AL.sv2	73.030	330	75	4	87	412	1	320	0.0	501
TaAOX1c-6BL.sv2	TaAOX1a-2DL.sv1	72.917	336	81	3	87	412	1	336	8.58e-180	496
TaAOX1c-6BL.sv2	TaAOX1a-2BL	73.353	334	76	6	87	412	129	457	3.52e-178	496
TaAOX1c-6BL.sv2	TaAOX1a-2DL.sv2	70.000	330	59	4	87	412	1	294	1.52e-173	478
TaAOX1c-6BL.sv2	TuAOX1c	98.673	226	3	0	187	412	209	434	7.86e-173	482
TaAOX1c-6BL.sv2	ne.AesAOX1d	68.373	332	97	3	87	412	1	330	1.08e-171	475
TaAOX1c-6BL.sv2	ne.TaAOX1d-2BL.1	68.675	332	96	3	87	412	1	330	9.97e-171	473
TaAOX1c-6BL.sv2	TaAOX1d-2AL.2.sv2	67.771	332	99	3	87	412	1	330	4.07e-170	471
TaAOX1c-6BL.sv2	TaAOX1d-2AL.2.sv1	67.771	332	99	3	87	412	1	330	4.07e-170	471
TaAOX1c-6BL.sv2	TaAOX1d-2DL	68.598	328	95	3	91	412	1	326	8.14e-169	468
TaAOX1c-6BL.sv2	ne.TaAOX1d-2DL	66.463	328	108	1	87	412	1	328	2.33e-164	456
TaAOX1c-6BL.sv2	ne.TaAOX1d-2BL.2	66.465	331	104	3	87	412	1	329	1.99e-163	454
TaAOX1c-6BL.sv2	AetAOX1d	72.535	284	75	1	132	412	12	295	2.01e-160	445
TaAOX1c-6BL.sv2	TuAOX1d.1	71.831	284	77	1	132	412	12	295	1.83e-159	442
TaAOX1c-6BL.sv2	AetAOX1e	70.548	292	80	2	121	412	80	365	2.58e-157	440
TaAOX1c-6BL.sv2	TuAOX1d.2	64.264	333	103	3	82	412	85	403	3.03e-155	436
TaAOX1c-6BL.sv2	TaAOX1d-2AL.1	69.611	283	84	1	132	412	12	294	5.81e-152	423
TaAOX1c-6BL.sv2	put.TaAOX1e-3DS	73.462	260	69	0	153	412	3	262	1.60e-151	421
TaAOX1c-6BL.sv2	AetAOX1a	86.765	204	27	0	209	412	1	204	6.63e-141	392
TaAOX1c-6BL.sv2	TuAOX1a	86.765	204	27	0	209	412	1	204	6.63e-141	392
TaAOX1c-6BL.sv2	TaAOX1a-like-2DL	81.707	164	30	0	249	412	1	164	7.49e-105	299
TaAOX1c-6BL.sv2	AetAOX1d-like	42.162	370	89	6	87	412	1	289	1.39e-91	270
TaAOX1c-6BL.sv2	put.TaAOX1d-like-4AS	56.311	206	55	2	132	336	12	183	7.03e-76	225
TaAOX1c-6BL.sv2	regTaAOX-3B	56.489	131	33	2	282	412	1	107	6.48e-47	148
TaAOX1c-6BL.sv2	regTaAOX-4BL.sv4	70.588	68	19	1	166	232	13	80	1.45e-31	107
TaAOX1c-6BL.sv2	regTaAOX-4BL.sv1	70.588	68	19	1	166	232	13	80	1.45e-31	107
TaAOX1c-6BL.sv2	regTaAOX-4BL.sv2	71.212	66	18	1	166	230	13	78	6.29e-31	105
TaAOX1c-6BL.sv2	regTaAOX-4BL.sv3	65.278	72	18	2	166	230	13	84	1.20e-28	99.0
TaAOX1c-6BL.sv2	put.regTaAOX-3B	76.744	43	10	0	188	230	2	44	7.36e-22	80.9
TaAOX1c-6BL.sv2	put.regTaAOX-3B	50.000	12	6	0	96	107	77	88	6.3	18.5
TaAOX1c-6BL.sv2	put.regTaAOX-6BL	58.537	41	11	3	87	122	9	48	8.58e-06	36.2
TaAOX1c-6BL.sv3	TaAOX1c-6BL.sv3	100.000	431	0	0	1	431	1	431	0.0	882
TaAOX1c-6BL.sv3	TaAOX1c-6BL.sv1	100.000	431	0	0	1	431	1	431	0.0	882
TaAOX1c-6BL.sv3	TaAOX1c-6BL.sv2	95.592	431	0	1	1	431	1	412	0.0	835
TaAOX1c-6BL.sv3	TaAOX1c-6DL	94.924	394	18	1	40	431	2	395	0.0	694
TaAOX1c-6BL.sv3	TaAOX1c-6AL	95.202	396	15	2	40	431	2	397	0.0	683
TaAOX1c-6BL.sv3	TaAOX1a-2AL.sv1	70.774	349	77	4	87	431	1	328	0.0	515
TaAOX1c-6BL.sv3	TaAOX1a-2AL.sv2	69.914	349	72	4	87	431	1	320	0.0	505
TaAOX1c-6BL.sv3	TaAOX1a-2DL.sv1	70.774	349	85	4	87	431	1	336	0.0	502
TaAOX1c-6BL.sv3	TaAOX1a-2BL	70.940	351	74	7	87	431	129	457	2.20e-179	500
TaAOX1c-6BL.sv3	TuAOX1c	98.673	226	3	0	206	431	209	434	8.29e-173	483
TaAOX1c-6BL.sv3	TaAOX1a-2DL.sv2	77.224	281	63	1	152	431	14	294	8.57e-172	474
TaAOX1c-6BL.sv3	ne.AesAOX1d	65.706	347	100	3	87	431	1	330	4.31e-169	469
TaAOX1c-6BL.sv3	ne.TaAOX1d-2BL.1	65.706	347	100	3	87	431	1	330	2.92e-168	467
TaAOX1c-6BL.sv3	TaAOX1d-2AL.2.sv2	64.841	347	103	3	87	431	1	330	6.97e-168	466
TaAOX1c-6BL.sv3	TaAOX1d-2AL.2.sv1	64.841	347	103	3	87	431	1	330	6.97e-168	466
TaAOX1c-6BL.sv3	TaAOX1d-2DL	65.598	343	99	3	91	431	1	326	1.39e-166	462
TaAOX1c-6BL.sv3	ne.TaAOX1d-2DL	63.401	347	106	2	87	431	1	328	7.62e-163	453
TaAOX1c-6BL.sv3	ne.TaAOX1d-2BL.2	63.401	347	107	3	87	431	1	329	1.45e-160	447
TaAOX1c-6BL.sv3	AetAOX1d	72.535	284	75	1	151	431	12	295	2.41e-160	446
TaAOX1c-6BL.sv3	TuAOX1d.1	71.831	284	77	1	151	431	12	295	2.47e-159	443
TaAOX1c-6BL.sv3	AetAOX1e	68.647	303	92	2	129	431	66	365	1.26e-157	441
TaAOX1c-6BL.sv3	TuAOX1d.2	61.823	351	101	4	82	431	85	403	1.48e-152	430
TaAOX1c-6BL.sv3	TaAOX1d-2AL.1	69.611	283	84	1	151	431	12	294	1.14e-151	423
TaAOX1c-6BL.sv3	put.TaAOX1e-3DS	73.462	260	69	0	172	431	3	262	2.34e-151	421
TaAOX1c-6BL.sv3	AetAOX1a	86.765	204	27	0	228	431	1	204	8.88e-141	392
TaAOX1c-6BL.sv3	TuAOX1a	86.765	204	27	0	228	431	1	204	8.88e-141	392
TaAOX1c-6BL.sv3	TaAOX1a-like-2DL	81.707	164	30	0	268	431	1	164	1.24e-104	299
TaAOX1c-6BL.sv3	AetAOX1d-like	40.617	389	87	7	87	431	1	289	1.35e-88	263
TaAOX1c-6BL.sv3	put.TaAOX1d-like-4AS	52.863	227	54	2	129	355	10	183	3.78e-76	227
TaAOX1c-6BL.sv3	regTaAOX-3B	56.489	131	33	2	301	431	1	107	9.17e-47	148
TaAOX1c-6BL.sv3	regTaAOX-4BL.sv4	70.588	68	19	1	185	251	13	80	1.68e-31	107
TaAOX1c-6BL.sv3	regTaAOX-4BL.sv1	70.588	68	19	1	185	251	13	80	1.68e-31	107
TaAOX1c-6BL.sv3	regTaAOX-4BL.sv2	71.212	66	18	1	185	249	13	78	6.59e-31	105
TaAOX1c-6BL.sv3	regTaAOX-4BL.sv3	65.278	72	18	2	185	249	13	84	1.30e-28	99.4
TaAOX1c-6BL.sv3	put.regTaAOX-3B	76.744	43	10	0	207	249	2	44	8.17e-22	80.9
TaAOX1c-6BL.sv3	put.regTaAOX-3B	50.000	12	6	0	96	107	77	88	6.6	18.5
TaAOX1c-6BL.sv3	put.regTaAOX-6BL	50.820	61	20	4	87	142	9	64	4.76e-09	45.8
TaAOX1c-6DL	TaAOX1c-6DL	100.000	395	0	0	1	395	1	395	0.0	810
TaAOX1c-6DL	TaAOX1c-6AL	95.466	397	16	1	1	395	1	397	0.0	767
TaAOX1c-6DL	TaAOX1c-6BL.sv2	90.863	394	15	2	2	395	40	412	0.0	719
TaAOX1c-6DL	TaAOX1c-6BL.sv3	94.924	394	18	1	2	395	40	431	0.0	681
TaAOX1c-6DL	TaAOX1c-6BL.sv1	94.924	394	18	1	2	395	40	431	0.0	681
TaAOX1c-6DL	TaAOX1a-2AL.sv1	71.347	349	75	4	51	395	1	328	0.0	510
TaAOX1c-6DL	TaAOX1a-2AL.sv2	70.201	349	71	4	51	395	1	320	0.0	499
TaAOX1c-6DL	TaAOX1a-2DL.sv1	70.487	349	86	4	51	395	1	336	2.13e-179	494
TaAOX1c-6DL	TaAOX1a-2BL	70.621	354	78	6	47	395	125	457	2.54e-178	496
TaAOX1c-6DL	TaAOX1a-2DL.sv2	77.580	281	62	1	116	395	14	294	5.96e-171	471
TaAOX1c-6DL	TuAOX1c	98.230	226	4	0	170	395	209	434	9.04e-171	476
TaAOX1c-6DL	ne.AesAOX1d	64.638	345	107	2	51	395	1	330	1.27e-164	456
TaAOX1c-6DL	ne.TaAOX1d-2BL.1	64.638	345	107	2	51	395	1	330	7.82e-164	454
TaAOX1c-6DL	TaAOX1d-2AL.2.sv2	63.768	345	110	2	51	395	1	330	1.71e-163	453
TaAOX1c-6DL	TaAOX1d-2AL.2.sv1	63.768	345	110	2	51	395	1	330	1.71e-163	453
TaAOX1c-6DL	TaAOX1d-2DL	64.516	341	106	2	55	395	1	326	5.02e-162	449
TaAOX1c-6DL	AetAOX1d	71.479	284	78	1	115	395	12	295	8.66e-157	435
TaAOX1c-6DL	ne.TaAOX1d-2DL	62.536	347	109	3	51	395	1	328	9.41e-157	436
TaAOX1c-6DL	ne.TaAOX1d-2BL.2	62.571	350	105	3	51	395	1	329	3.70e-156	435
TaAOX1c-6DL	TuAOX1d.1	70.775	284	80	1	115	395	12	295	1.29e-155	432
TaAOX1c-6DL	AetAOX1e	69.966	293	85	2	103	395	76	365	3.57e-155	434
TaAOX1c-6DL	TuAOX1d.2	69.965	283	83	1	115	395	121	403	2.32e-149	420
TaAOX1c-6DL	put.TaAOX1e-3DS	73.077	260	70	0	136	395	3	262	2.39e-149	415
TaAOX1c-6DL	TaAOX1d-2AL.1	68.905	283	86	1	115	395	12	294	8.25e-149	415
TaAOX1c-6DL	AetAOX1a	86.765	204	27	0	192	395	1	204	1.54e-140	390
TaAOX1c-6DL	TuAOX1a	86.765	204	27	0	192	395	1	204	1.54e-140	390
TaAOX1c-6DL	TaAOX1a-like-2DL	81.707	164	30	0	232	395	1	164	1.70e-104	297
TaAOX1c-6DL	AetAOX1d-like	39.589	389	91	6	51	395	1	289	2.93e-86	255
TaAOX1c-6DL	put.TaAOX1d-like-4AS	55.825	206	56	2	115	319	12	183	1.88e-74	221
TaAOX1c-6DL	regTaAOX-3B	55.725	131	34	2	265	395	1	107	9.91e-46	144
TaAOX1c-6DL	regTaAOX-4BL.sv4	66.667	72	23	1	145	215	9	80	2.06e-31	107
TaAOX1c-6DL	regTaAOX-4BL.sv1	66.667	72	23	1	145	215	9	80	2.06e-31	107
TaAOX1c-6DL	regTaAOX-4BL.sv2	71.212	66	18	1	149	213	13	78	7.56e-31	104
TaAOX1c-6DL	regTaAOX-4BL.sv3	65.278	72	18	2	149	213	13	84	1.55e-28	98.6
TaAOX1c-6DL	put.regTaAOX-3B	76.744	43	10	0	171	213	2	44	6.60e-22	80.9
TaAOX1c-6DL	put.regTaAOX-3B	41.667	24	10	1	60	83	77	96	4.7	18.9
TaAOX1c-6DL	put.regTaAOX-6BL	48.333	60	23	3	51	106	9	64	1.73e-08	43.9
regTaAOX-3B	regTaAOX-3B	100.000	107	0	0	1	107	1	107	7.45e-81	223
regTaAOX-3B	put.TaAOX1e-3DS	76.336	131	7	2	1	107	132	262	1.07e-66	193
regTaAOX-3B	AetAOX1e	76.336	131	7	2	1	107	235	365	2.58e-65	192
regTaAOX-3B	AetAOX1a	59.542	131	29	2	1	107	74	204	9.31e-51	150
regTaAOX-3B	TuAOX1a	59.542	131	29	2	1	107	74	204	9.31e-51	150
regTaAOX-3B	TaAOX1a-2DL.sv2	59.542	131	29	2	1	107	164	294	1.00e-49	150
regTaAOX-3B	TaAOX1a-2AL.sv1	59.542	131	29	2	1	107	198	328	1.41e-49	151
regTaAOX-3B	TaAOX1a-2AL.sv2	59.542	131	29	2	1	107	190	320	1.41e-49	151
regTaAOX-3B	TaAOX1a-2DL.sv1	59.542	131	29	2	1	107	206	336	2.06e-49	151
regTaAOX-3B	TaAOX1a-like-2DL	58.015	131	31	2	1	107	34	164	2.76e-49	145
regTaAOX-3B	TaAOX1a-2BL	59.542	131	29	2	1	107	327	457	3.45e-48	150
regTaAOX-3B	TaAOX1c-6BL.sv2	56.489	131	33	2	1	107	282	412	3.02e-47	147
regTaAOX-3B	TaAOX1c-6BL.sv3	56.489	131	33	2	1	107	301	431	4.29e-47	147
regTaAOX-3B	TaAOX1c-6BL.sv1	56.489	131	33	2	1	107	301	431	4.29e-47	147
regTaAOX-3B	TuAOX1c	56.489	131	33	2	1	107	304	434	4.72e-47	147
regTaAOX-3B	TaAOX1c-6AL	56.489	131	33	2	1	107	267	397	5.37e-47	146
regTaAOX-3B	ne.AesAOX1d	55.725	131	34	1	1	107	200	330	3.13e-46	143
regTaAOX-3B	TaAOX1d-2DL	55.725	131	34	1	1	107	196	326	3.36e-46	142
regTaAOX-3B	ne.TaAOX1d-2BL.1	55.725	131	34	1	1	107	200	330	3.38e-46	142
regTaAOX-3B	ne.TaAOX1d-2BL.2	55.725	131	34	1	1	107	199	329	3.41e-46	142
regTaAOX-3B	TaAOX1c-6DL	55.725	131	34	2	1	107	265	395	3.93e-46	144
regTaAOX-3B	ne.TaAOX1d-2DL	55.725	131	34	1	1	107	198	328	4.50e-46	142
regTaAOX-3B	TaAOX1d-2AL.1	54.962	131	35	1	1	107	164	294	4.63e-46	141
regTaAOX-3B	AetAOX1d	54.962	131	35	1	1	107	165	295	4.80e-46	141
regTaAOX-3B	TuAOX1d.1	54.962	131	35	1	1	107	165	295	5.34e-46	141
regTaAOX-3B	TuAOX1d.2	55.725	131	34	1	1	107	273	403	9.10e-46	143
regTaAOX-3B	TaAOX1d-2AL.2.sv2	54.962	131	35	1	1	107	200	330	9.65e-46	141
regTaAOX-3B	TaAOX1d-2AL.2.sv1	54.962	131	35	1	1	107	200	330	9.65e-46	141
regTaAOX-3B	put.TaAOX1d-like-4AS	76.364	55	13	0	1	55	129	183	4.46e-27	90.1
regTaAOX-3B	AetAOX1d-like	37.383	107	26	3	1	107	224	289	9.46e-15	58.9
TaAOX1d-2AL.1	TaAOX1d-2AL.1	100.000	294	0	0	1	294	1	294	0.0	606
TaAOX1d-2AL.1	ne.TaAOX1d-2BL.2	96.259	294	11	0	1	294	36	329	0.0	587
TaAOX1d-2AL.1	TuAOX1d.2	95.918	294	12	0	1	294	110	403	0.0	586
TaAOX1d-2AL.1	ne.TaAOX1d-2DL	93.197	294	19	1	1	294	36	328	0.0	563
TaAOX1d-2AL.1	ne.AesAOX1d	89.831	295	29	1	1	294	36	330	0.0	550
TaAOX1d-2AL.1	TuAOX1d.1	89.831	295	29	1	1	294	1	295	0.0	550
TaAOX1d-2AL.1	TaAOX1d-2AL.2.sv2	89.492	295	30	1	1	294	36	330	0.0	549
TaAOX1d-2AL.1	TaAOX1d-2AL.2.sv1	89.492	295	30	1	1	294	36	330	0.0	549
TaAOX1d-2AL.1	ne.TaAOX1d-2BL.1	89.831	295	29	1	1	294	36	330	0.0	549
TaAOX1d-2AL.1	AetAOX1d	89.831	295	29	1	1	294	1	295	0.0	548
TaAOX1d-2AL.1	TaAOX1d-2DL	89.831	295	29	1	1	294	32	326	0.0	548
TaAOX1d-2AL.1	TaAOX1a-2AL.sv1	68.990	287	85	3	11	294	43	328	2.70e-149	413
TaAOX1d-2AL.1	TaAOX1a-2AL.sv2	69.474	285	79	4	11	294	43	320	1.40e-148	411
TaAOX1d-2AL.1	TaAOX1c-6BL.sv2	73.152	257	69	0	38	294	156	412	1.89e-148	414
TaAOX1d-2AL.1	TaAOX1c-6BL.sv3	73.152	257	69	0	38	294	175	431	3.62e-148	414
TaAOX1d-2AL.1	TaAOX1c-6BL.sv1	73.152	257	69	0	38	294	175	431	3.62e-148	414
TaAOX1d-2AL.1	TaAOX1a-2DL.sv2	67.123	292	89	3	10	294	3	294	1.31e-147	407
TaAOX1d-2AL.1	TaAOX1c-6AL	72.763	257	70	0	38	294	141	397	7.70e-147	409
TaAOX1d-2AL.1	TaAOX1a-2DL.sv1	72.481	258	70	1	38	294	79	336	1.57e-146	406
TaAOX1d-2AL.1	TaAOX1a-2BL	68.990	287	85	3	11	294	172	457	2.45e-145	408
TaAOX1d-2AL.1	TaAOX1c-6DL	71.984	257	72	0	38	294	139	395	4.33e-145	405
TaAOX1d-2AL.1	AetAOX1e	68.199	261	83	0	34	294	105	365	2.45e-136	382
TaAOX1d-2AL.1	TuAOX1c	74.779	226	57	0	69	294	209	434	2.23e-133	377
TaAOX1d-2AL.1	put.TaAOX1e-3DS	65.900	261	89	0	34	294	2	262	1.23e-130	363
TaAOX1d-2AL.1	AetAOX1a	76.733	202	47	0	93	294	3	204	2.32e-120	335
TaAOX1d-2AL.1	TuAOX1a	76.733	202	47	0	93	294	3	204	2.32e-120	335
TaAOX1d-2AL.1	put.TaAOX1d-like-4AS	76.147	218	17	2	1	218	1	183	4.03e-117	326
TaAOX1d-2AL.1	AetAOX1d-like	53.823	327	42	4	12	294	28	289	2.50e-107	305
TaAOX1d-2AL.1	TaAOX1a-like-2DL	83.537	164	27	0	131	294	1	164	1.29e-104	293
TaAOX1d-2AL.1	regTaAOX-3B	54.962	131	35	1	164	294	1	107	1.27e-45	141
TaAOX1d-2AL.1	regTaAOX-4BL.sv4	52.941	68	31	1	48	114	13	80	8.24e-23	82.4
TaAOX1d-2AL.1	regTaAOX-4BL.sv4	25.806	31	23	0	7	37	76	106	9.6	17.3
TaAOX1d-2AL.1	regTaAOX-4BL.sv1	52.941	68	31	1	48	114	13	80	8.24e-23	82.4
TaAOX1d-2AL.1	regTaAOX-4BL.sv1	25.806	31	23	0	7	37	76	106	9.6	17.3
TaAOX1d-2AL.1	regTaAOX-4BL.sv2	53.030	66	30	1	48	112	13	78	1.20e-22	80.9
TaAOX1d-2AL.1	regTaAOX-4BL.sv3	48.611	72	30	2	48	112	13	84	2.58e-20	75.1
TaAOX1d-2AL.1	put.regTaAOX-3B	53.488	43	20	0	70	112	2	44	2.34e-14	58.9
TaAOX1d-2AL.2.sv1	TaAOX1d-2AL.2.sv2	100.000	330	0	0	1	330	1	330	0.0	675
TaAOX1d-2AL.2.sv1	TaAOX1d-2AL.2.sv1	100.000	330	0	0	1	330	1	330	0.0	675
TaAOX1d-2AL.2.sv1	ne.TaAOX1d-2BL.1	97.273	330	9	0	1	330	1	330	0.0	662
TaAOX1d-2AL.2.sv1	ne.AesAOX1d	96.667	330	11	0	1	330	1	330	0.0	660
TaAOX1d-2AL.2.sv1	TaAOX1d-2DL	98.466	326	5	0	5	330	1	326	0.0	660
TaAOX1d-2AL.2.sv1	ne.TaAOX1d-2BL.2	91.818	330	26	1	1	330	1	329	0.0	621
TaAOX1d-2AL.2.sv1	ne.TaAOX1d-2DL	90.909	330	28	2	1	330	1	328	0.0	612
TaAOX1d-2AL.2.sv1	TuAOX1d.1	99.661	295	1	0	36	330	1	295	0.0	607
TaAOX1d-2AL.2.sv1	AetAOX1d	98.305	295	5	0	36	330	1	295	0.0	603
TaAOX1d-2AL.2.sv1	TuAOX1d.2	86.061	330	30	2	1	330	90	403	0.0	577
TaAOX1d-2AL.2.sv1	TaAOX1d-2AL.1	89.492	295	30	1	36	330	1	294	0.0	549
TaAOX1d-2AL.2.sv1	TaAOX1a-2AL.sv1	65.868	334	104	4	1	330	1	328	3.03e-161	445
TaAOX1d-2AL.2.sv1	TaAOX1a-2AL.sv2	66.168	334	95	6	1	330	1	320	2.24e-159	440
TaAOX1d-2AL.2.sv1	TaAOX1c-6BL.sv3	63.450	342	110	2	4	330	90	431	4.54e-159	443
TaAOX1d-2AL.2.sv1	TaAOX1c-6BL.sv1	63.450	342	110	2	4	330	90	431	4.54e-159	443
TaAOX1d-2AL.2.sv1	TaAOX1c-6BL.sv2	65.138	327	110	1	4	330	90	412	4.53e-158	440
TaAOX1d-2AL.2.sv1	TaAOX1c-6AL	63.953	344	107	3	4	330	54	397	3.20e-156	435
TaAOX1d-2AL.2.sv1	TaAOX1c-6DL	63.188	345	112	2	1	330	51	395	4.34e-156	434
TaAOX1d-2AL.2.sv1	TaAOX1a-2BL	65.868	334	105	4	1	330	129	457	8.74e-156	436
TaAOX1d-2AL.2.sv1	TaAOX1a-2DL.sv1	64.392	337	112	4	1	330	1	336	3.42e-155	430
TaAOX1d-2AL.2.sv1	TaAOX1a-2DL.sv2	63.444	331	83	3	1	330	1	294	1.12e-154	427
TaAOX1d-2AL.2.sv1	AetAOX1e	63.226	310	108	3	23	330	60	365	5.35e-141	395
TaAOX1d-2AL.2.sv1	AetAOX1d-like	58.824	374	25	6	1	330	1	289	2.06e-138	385
TaAOX1d-2AL.2.sv1	TuAOX1c	76.106	226	54	0	105	330	209	434	1.79e-136	386
TaAOX1d-2AL.2.sv1	put.TaAOX1e-3DS	67.704	257	83	0	74	330	6	262	9.28e-135	375
TaAOX1d-2AL.2.sv1	AetAOX1a	78.922	204	43	0	127	330	1	204	1.10e-124	347
TaAOX1d-2AL.2.sv1	TuAOX1a	78.922	204	43	0	127	330	1	204	1.10e-124	347
TaAOX1d-2AL.2.sv1	put.TaAOX1d-like-4AS	72.018	218	25	3	36	253	1	182	1.40e-108	306
TaAOX1d-2AL.2.sv1	TaAOX1a-like-2DL	84.146	164	26	0	167	330	1	164	7.76e-104	293
TaAOX1d-2AL.2.sv1	regTaAOX-3B	54.962	131	35	1	200	330	1	107	2.98e-45	141
TaAOX1d-2AL.2.sv1	regTaAOX-4BL.sv4	55.882	68	29	1	84	150	13	80	7.20e-26	90.9
TaAOX1d-2AL.2.sv1	regTaAOX-4BL.sv4	27.273	33	24	0	42	74	76	108	9.3	17.7
TaAOX1d-2AL.2.sv1	regTaAOX-4BL.sv1	55.882	68	29	1	84	150	13	80	7.20e-26	90.9
TaAOX1d-2AL.2.sv1	regTaAOX-4BL.sv1	27.273	33	24	0	42	74	76	108	9.3	17.7
TaAOX1d-2AL.2.sv1	regTaAOX-4BL.sv2	56.061	66	28	1	84	148	13	78	1.78e-25	89.4
TaAOX1d-2AL.2.sv1	regTaAOX-4BL.sv3	51.389	72	28	2	84	148	13	84	3.65e-23	83.2
TaAOX1d-2AL.2.sv1	put.regTaAOX-3B	55.814	43	19	0	106	148	2	44	2.84e-16	64.7
TaAOX1d-2AL.2.sv1	put.regTaAOX-6BL	39.062	64	17	3	1	54	9	60	0.002	29.3
TaAOX1d-2AL.2.sv2	TaAOX1d-2AL.2.sv2	100.000	330	0	0	1	330	1	330	0.0	675
TaAOX1d-2AL.2.sv2	TaAOX1d-2AL.2.sv1	100.000	330	0	0	1	330	1	330	0.0	675
TaAOX1d-2AL.2.sv2	ne.TaAOX1d-2BL.1	97.273	330	9	0	1	330	1	330	0.0	662
TaAOX1d-2AL.2.sv2	ne.AesAOX1d	96.667	330	11	0	1	330	1	330	0.0	660
TaAOX1d-2AL.2.sv2	TaAOX1d-2DL	98.466	326	5	0	5	330	1	326	0.0	660
TaAOX1d-2AL.2.sv2	ne.TaAOX1d-2BL.2	91.818	330	26	1	1	330	1	329	0.0	621
TaAOX1d-2AL.2.sv2	ne.TaAOX1d-2DL	90.909	330	28	2	1	330	1	328	0.0	612
TaAOX1d-2AL.2.sv2	TuAOX1d.1	99.661	295	1	0	36	330	1	295	0.0	607
TaAOX1d-2AL.2.sv2	AetAOX1d	98.305	295	5	0	36	330	1	295	0.0	603
TaAOX1d-2AL.2.sv2	TuAOX1d.2	86.061	330	30	2	1	330	90	403	0.0	577
TaAOX1d-2AL.2.sv2	TaAOX1d-2AL.1	89.492	295	30	1	36	330	1	294	0.0	549
TaAOX1d-2AL.2.sv2	TaAOX1a-2AL.sv1	65.868	334	104	4	1	330	1	328	3.03e-161	445
TaAOX1d-2AL.2.sv2	TaAOX1a-2AL.sv2	66.168	334	95	6	1	330	1	320	2.24e-159	440
TaAOX1d-2AL.2.sv2	TaAOX1c-6BL.sv3	63.450	342	110	2	4	330	90	431	4.54e-159	443
TaAOX1d-2AL.2.sv2	TaAOX1c-6BL.sv1	63.450	342	110	2	4	330	90	431	4.54e-159	443
TaAOX1d-2AL.2.sv2	TaAOX1c-6BL.sv2	65.138	327	110	1	4	330	90	412	4.53e-158	440
TaAOX1d-2AL.2.sv2	TaAOX1c-6AL	63.953	344	107	3	4	330	54	397	3.20e-156	435
TaAOX1d-2AL.2.sv2	TaAOX1c-6DL	63.188	345	112	2	1	330	51	395	4.34e-156	434
TaAOX1d-2AL.2.sv2	TaAOX1a-2BL	65.868	334	105	4	1	330	129	457	8.74e-156	436
TaAOX1d-2AL.2.sv2	TaAOX1a-2DL.sv1	64.392	337	112	4	1	330	1	336	3.42e-155	430
TaAOX1d-2AL.2.sv2	TaAOX1a-2DL.sv2	63.444	331	83	3	1	330	1	294	1.12e-154	427
TaAOX1d-2AL.2.sv2	AetAOX1e	63.226	310	108	3	23	330	60	365	5.35e-141	395
TaAOX1d-2AL.2.sv2	AetAOX1d-like	58.824	374	25	6	1	330	1	289	2.06e-138	385
TaAOX1d-2AL.2.sv2	TuAOX1c	76.106	226	54	0	105	330	209	434	1.79e-136	386
TaAOX1d-2AL.2.sv2	put.TaAOX1e-3DS	67.704	257	83	0	74	330	6	262	9.28e-135	375
TaAOX1d-2AL.2.sv2	AetAOX1a	78.922	204	43	0	127	330	1	204	1.10e-124	347
TaAOX1d-2AL.2.sv2	TuAOX1a	78.922	204	43	0	127	330	1	204	1.10e-124	347
TaAOX1d-2AL.2.sv2	put.TaAOX1d-like-4AS	72.018	218	25	3	36	253	1	182	1.40e-108	306
TaAOX1d-2AL.2.sv2	TaAOX1a-like-2DL	84.146	164	26	0	167	330	1	164	7.76e-104	293
TaAOX1d-2AL.2.sv2	regTaAOX-3B	54.962	131	35	1	200	330	1	107	2.98e-45	141
TaAOX1d-2AL.2.sv2	regTaAOX-4BL.sv4	55.882	68	29	1	84	150	13	80	7.20e-26	90.9
TaAOX1d-2AL.2.sv2	regTaAOX-4BL.sv4	27.273	33	24	0	42	74	76	108	9.3	17.7
TaAOX1d-2AL.2.sv2	regTaAOX-4BL.sv1	55.882	68	29	1	84	150	13	80	7.20e-26	90.9
TaAOX1d-2AL.2.sv2	regTaAOX-4BL.sv1	27.273	33	24	0	42	74	76	108	9.3	17.7
TaAOX1d-2AL.2.sv2	regTaAOX-4BL.sv2	56.061	66	28	1	84	148	13	78	1.78e-25	89.4
TaAOX1d-2AL.2.sv2	regTaAOX-4BL.sv3	51.389	72	28	2	84	148	13	84	3.65e-23	83.2
TaAOX1d-2AL.2.sv2	put.regTaAOX-3B	55.814	43	19	0	106	148	2	44	2.84e-16	64.7
TaAOX1d-2AL.2.sv2	put.regTaAOX-6BL	39.062	64	17	3	1	54	9	60	0.002	29.3
TaAOX1d-2DL	TaAOX1d-2DL	100.000	326	0	0	1	326	1	326	0.0	668
TaAOX1d-2DL	TaAOX1d-2AL.2.sv2	98.466	326	5	0	1	326	5	330	0.0	660
TaAOX1d-2DL	TaAOX1d-2AL.2.sv1	98.466	326	5	0	1	326	5	330	0.0	660
TaAOX1d-2DL	ne.TaAOX1d-2BL.1	98.160	326	6	0	1	326	5	330	0.0	657
TaAOX1d-2DL	ne.AesAOX1d	97.546	326	8	0	1	326	5	330	0.0	654
TaAOX1d-2DL	ne.TaAOX1d-2BL.2	92.025	326	25	1	1	326	5	329	0.0	612
TaAOX1d-2DL	AetAOX1d	99.322	295	2	0	32	326	1	295	0.0	605
TaAOX1d-2DL	TuAOX1d.1	98.644	295	4	0	32	326	1	295	0.0	603
TaAOX1d-2DL	ne.TaAOX1d-2DL	91.104	326	27	2	1	326	5	328	0.0	603
TaAOX1d-2DL	TuAOX1d.2	86.196	326	29	2	1	326	94	403	0.0	568
TaAOX1d-2DL	TaAOX1d-2AL.1	89.831	295	29	1	32	326	1	294	0.0	548
TaAOX1d-2DL	TaAOX1a-2AL.sv1	66.061	330	102	4	1	326	5	328	2.12e-160	442
TaAOX1d-2DL	TaAOX1c-6BL.sv3	64.516	341	106	2	1	326	91	431	1.24e-159	444
TaAOX1d-2DL	TaAOX1c-6BL.sv1	64.516	341	106	2	1	326	91	431	1.24e-159	444
TaAOX1d-2DL	TaAOX1c-6BL.sv2	66.258	326	106	1	1	326	91	412	6.61e-159	442
TaAOX1d-2DL	TaAOX1a-2AL.sv2	66.364	330	93	6	1	326	5	320	1.57e-158	437
TaAOX1d-2DL	TaAOX1c-6AL	64.723	343	104	3	1	326	55	397	1.92e-156	435
TaAOX1d-2DL	TaAOX1a-2DL.sv2	73.881	268	68	2	61	326	27	294	4.85e-155	427
TaAOX1d-2DL	TaAOX1a-2BL	66.061	330	103	4	1	326	133	457	5.58e-155	434
TaAOX1d-2DL	TaAOX1c-6DL	63.930	341	108	2	1	326	55	395	1.04e-154	431
TaAOX1d-2DL	TaAOX1a-2DL.sv1	64.865	333	109	4	1	326	5	336	1.91e-154	428
TaAOX1d-2DL	AetAOX1e	64.194	310	105	3	19	326	60	365	6.64e-143	400
TaAOX1d-2DL	TuAOX1c	77.434	226	51	0	101	326	209	434	2.70e-137	388
TaAOX1d-2DL	put.TaAOX1e-3DS	68.482	257	81	0	70	326	6	262	9.36e-136	377
TaAOX1d-2DL	AetAOX1d-like	58.649	370	24	6	1	326	5	289	3.87e-135	377
TaAOX1d-2DL	AetAOX1a	78.922	204	43	0	123	326	1	204	1.46e-124	347
TaAOX1d-2DL	TuAOX1a	78.922	204	43	0	123	326	1	204	1.46e-124	347
TaAOX1d-2DL	put.TaAOX1d-like-4AS	72.018	218	25	3	32	249	1	182	2.01e-108	305
TaAOX1d-2DL	TaAOX1a-like-2DL	84.146	164	26	0	163	326	1	164	5.36e-104	293
TaAOX1d-2DL	regTaAOX-3B	55.725	131	34	1	196	326	1	107	1.02e-45	142
TaAOX1d-2DL	regTaAOX-4BL.sv4	58.824	68	27	1	80	146	13	80	9.83e-28	95.9
TaAOX1d-2DL	regTaAOX-4BL.sv4	27.273	33	24	0	38	70	76	108	8.9	17.7
TaAOX1d-2DL	regTaAOX-4BL.sv1	58.824	68	27	1	80	146	13	80	9.83e-28	95.9
TaAOX1d-2DL	regTaAOX-4BL.sv1	27.273	33	24	0	38	70	76	108	8.9	17.7
TaAOX1d-2DL	regTaAOX-4BL.sv2	59.091	66	26	1	80	144	13	78	2.49e-27	94.0
TaAOX1d-2DL	regTaAOX-4BL.sv3	54.167	72	26	2	80	144	13	84	5.53e-25	87.8
TaAOX1d-2DL	put.regTaAOX-3B	60.465	43	17	0	102	144	2	44	5.08e-18	69.3
TaAOX1d-2DL	put.regTaAOX-6BL	35.000	60	17	3	1	50	13	60	0.55	21.6
put.TaAOX1d-like-4AS	put.TaAOX1d-like-4AS	100.000	183	0	0	1	183	1	183	8.28e-141	381
put.TaAOX1d-like-4AS	ne.TaAOX1d-2BL.2	77.064	218	15	2	1	183	36	253	1.39e-118	330
put.TaAOX1d-like-4AS	TuAOX1d.2	77.064	218	15	2	1	183	110	327	4.03e-118	332
put.TaAOX1d-like-4AS	TaAOX1d-2AL.1	76.147	218	17	2	1	183	1	218	2.51e-117	326
put.TaAOX1d-like-4AS	ne.TaAOX1d-2DL	73.733	217	23	1	1	183	36	252	2.34e-114	320
put.TaAOX1d-like-4AS	TuAOX1d.1	72.018	218	25	3	1	182	1	218	4.00e-109	305
put.TaAOX1d-like-4AS	TaAOX1d-2AL.2.sv2	72.018	218	25	3	1	182	36	253	7.76e-109	306
put.TaAOX1d-like-4AS	TaAOX1d-2AL.2.sv1	72.018	218	25	3	1	182	36	253	7.76e-109	306
put.TaAOX1d-like-4AS	ne.TaAOX1d-2BL.1	72.018	218	25	3	1	182	36	253	9.05e-109	306
put.TaAOX1d-like-4AS	AetAOX1d	71.560	218	26	3	1	182	1	218	1.11e-108	304
put.TaAOX1d-like-4AS	TaAOX1d-2DL	72.018	218	25	3	1	182	32	249	1.13e-108	305
put.TaAOX1d-like-4AS	ne.AesAOX1d	72.018	218	25	3	1	182	36	253	3.70e-108	304
put.TaAOX1d-like-4AS	TaAOX1a-2AL.sv1	57.143	210	53	3	11	183	43	252	5.13e-80	233
put.TaAOX1d-like-4AS	TaAOX1a-2AL.sv2	56.731	208	49	3	11	183	43	244	4.88e-79	229
put.TaAOX1d-like-4AS	TaAOX1a-2DL.sv2	59.890	182	38	2	37	183	37	218	1.59e-75	220
put.TaAOX1d-like-4AS	TaAOX1a-2DL.sv1	59.890	182	38	2	37	183	79	260	3.27e-75	221
put.TaAOX1d-like-4AS	TaAOX1a-2BL	56.667	210	54	3	11	183	172	381	1.23e-74	223
put.TaAOX1d-like-4AS	TaAOX1c-6BL.sv2	60.221	181	38	1	37	183	156	336	2.89e-74	220
put.TaAOX1d-like-4AS	TaAOX1c-6BL.sv3	60.221	181	38	1	37	183	175	355	4.16e-74	221
put.TaAOX1d-like-4AS	TaAOX1c-6BL.sv1	60.221	181	38	1	37	183	175	355	4.16e-74	221
put.TaAOX1d-like-4AS	TaAOX1c-6DL	59.669	181	39	1	37	183	139	319	4.60e-73	217
put.TaAOX1d-like-4AS	TaAOX1c-6AL	59.669	181	39	1	37	183	141	321	4.96e-73	217
put.TaAOX1d-like-4AS	AetAOX1e	56.021	191	50	1	27	183	99	289	5.94e-73	216
put.TaAOX1d-like-4AS	AetAOX1d-like	48.996	249	33	3	13	183	30	262	3.39e-71	209
put.TaAOX1d-like-4AS	put.TaAOX1e-3DS	55.676	185	48	1	33	183	2	186	1.41e-69	204
put.TaAOX1d-like-4AS	AetAOX1a	79.464	112	23	0	72	183	17	128	2.36e-65	191
put.TaAOX1d-like-4AS	TuAOX1a	79.464	112	23	0	72	183	17	128	2.36e-65	191
put.TaAOX1d-like-4AS	TuAOX1c	70.896	134	37	2	50	183	227	358	1.29e-63	194
put.TaAOX1d-like-4AS	TaAOX1a-like-2DL	89.773	88	9	0	96	183	1	88	1.19e-57	170
put.TaAOX1d-like-4AS	regTaAOX-3B	76.364	55	13	0	129	183	1	55	7.63e-27	90.1
put.TaAOX1d-like-4AS	regTaAOX-4BL.sv4	39.130	46	22	2	47	86	13	58	3.18e-07	38.1
put.TaAOX1d-like-4AS	regTaAOX-4BL.sv4	29.412	17	12	0	20	36	90	106	2.7	18.5
put.TaAOX1d-like-4AS	regTaAOX-4BL.sv1	39.130	46	22	2	47	86	13	58	3.18e-07	38.1
put.TaAOX1d-like-4AS	regTaAOX-4BL.sv1	29.412	17	12	0	20	36	90	106	2.7	18.5
put.TaAOX1d-like-4AS	regTaAOX-4BL.sv2	39.130	46	22	2	47	86	13	58	4.65e-07	37.4
put.TaAOX1d-like-4AS	regTaAOX-4BL.sv3	46.875	32	10	2	47	71	13	44	9.34e-05	30.8
put.TaAOX1e-3DS	put.TaAOX1e-3DS	100.000	262	0	0	1	262	1	262	0.0	537
put.TaAOX1e-3DS	AetAOX1e	96.169	261	10	0	2	262	105	365	0.0	519
put.TaAOX1e-3DS	TaAOX1a-2AL.sv2	76.357	258	60	1	6	262	63	320	3.14e-152	419
put.TaAOX1e-3DS	TaAOX1a-2AL.sv1	76.357	258	60	1	6	262	71	328	3.38e-152	419
put.TaAOX1e-3DS	TaAOX1a-2DL.sv2	76.357	258	60	1	6	262	37	294	3.39e-152	418
put.TaAOX1e-3DS	TaAOX1a-2DL.sv1	76.357	258	60	1	6	262	79	336	8.45e-152	418
put.TaAOX1e-3DS	TaAOX1c-6BL.sv2	74.510	255	65	0	8	262	158	412	1.25e-150	418
put.TaAOX1e-3DS	TaAOX1a-2BL	76.357	258	60	1	6	262	200	457	2.12e-150	419
put.TaAOX1e-3DS	TaAOX1c-6BL.sv3	74.510	255	65	0	8	262	177	431	2.84e-150	418
put.TaAOX1e-3DS	TaAOX1c-6BL.sv1	74.510	255	65	0	8	262	177	431	2.84e-150	418
put.TaAOX1e-3DS	TaAOX1c-6AL	75.299	251	62	0	12	262	147	397	1.31e-148	412
put.TaAOX1e-3DS	TaAOX1c-6DL	74.118	255	66	0	8	262	141	395	1.32e-148	412
put.TaAOX1e-3DS	ne.AesAOX1d	68.872	257	80	0	6	262	74	330	1.28e-136	380
put.TaAOX1e-3DS	ne.TaAOX1d-2BL.1	69.084	262	80	1	2	262	69	330	1.55e-136	379
put.TaAOX1e-3DS	AetAOX1d	68.093	257	82	0	6	262	39	295	6.30e-136	377
put.TaAOX1e-3DS	TaAOX1d-2DL	68.482	257	81	0	6	262	70	326	7.52e-136	377
put.TaAOX1e-3DS	TuAOX1d.1	67.704	257	83	0	6	262	39	295	5.50e-135	374
put.TaAOX1e-3DS	TaAOX1d-2AL.2.sv2	67.704	257	83	0	6	262	74	330	7.36e-135	375
put.TaAOX1e-3DS	TaAOX1d-2AL.2.sv1	67.704	257	83	0	6	262	74	330	7.36e-135	375
put.TaAOX1e-3DS	ne.TaAOX1d-2BL.2	67.050	261	86	0	2	262	69	329	1.53e-132	369
put.TaAOX1e-3DS	ne.TaAOX1d-2DL	67.050	261	86	0	2	262	68	328	4.23e-132	368
put.TaAOX1e-3DS	TuAOX1c	67.954	259	83	0	4	262	176	434	3.17e-131	370
put.TaAOX1e-3DS	TuAOX1d.2	66.667	261	87	0	2	262	143	403	3.62e-131	369
put.TaAOX1e-3DS	TaAOX1d-2AL.1	65.900	261	89	0	2	262	34	294	1.10e-130	363
put.TaAOX1e-3DS	AetAOX1a	80.693	202	39	0	61	262	3	204	1.81e-125	347
put.TaAOX1e-3DS	TuAOX1a	80.693	202	39	0	61	262	3	204	1.81e-125	347
put.TaAOX1e-3DS	TaAOX1a-like-2DL	77.439	164	37	0	99	262	1	164	6.27e-94	265
put.TaAOX1e-3DS	put.TaAOX1d-like-4AS	55.676	185	48	1	2	186	33	183	2.01e-69	204
put.TaAOX1e-3DS	regTaAOX-3B	76.336	131	7	2	132	262	1	107	2.62e-66	193
put.TaAOX1e-3DS	AetAOX1d-like	45.228	241	67	2	22	262	114	289	1.65e-65	197
put.TaAOX1e-3DS	regTaAOX-4BL.sv4	62.500	72	26	1	12	82	9	80	1.17e-29	99.8
put.TaAOX1e-3DS	regTaAOX-4BL.sv1	62.500	72	26	1	12	82	9	80	1.17e-29	99.8
put.TaAOX1e-3DS	regTaAOX-4BL.sv2	62.857	70	25	1	12	80	9	78	3.75e-29	97.4
put.TaAOX1e-3DS	regTaAOX-4BL.sv3	57.895	76	25	2	12	80	9	84	8.01e-27	91.7
put.TaAOX1e-3DS	put.regTaAOX-3B	62.791	43	16	0	38	80	2	44	4.57e-17	65.9
put.regTaAOX-3B	put.regTaAOX-3B	100.000	96	0	0	1	96	1	96	1.37e-72	202
put.regTaAOX-3B	put.regTaAOX-6BL	82.143	56	10	0	41	96	91	146	4.64e-30	96.3
put.regTaAOX-3B	TaAOX1a-2AL.sv1	97.674	43	1	0	2	44	104	146	4.43e-29	97.8
put.regTaAOX-3B	TaAOX1a-2AL.sv2	97.674	43	1	0	2	44	96	138	4.93e-29	97.4
put.regTaAOX-3B	TaAOX1a-2DL.sv1	97.674	43	1	0	2	44	112	154	7.11e-29	97.4
put.regTaAOX-3B	TaAOX1a-2DL.sv2	97.674	43	1	0	2	44	70	112	7.54e-29	96.7
put.regTaAOX-3B	regTaAOX-4BL.sv4	93.023	43	3	0	2	44	36	78	1.25e-28	91.3
put.regTaAOX-3B	regTaAOX-4BL.sv1	93.023	43	3	0	2	44	36	78	1.25e-28	91.3
put.regTaAOX-3B	regTaAOX-4BL.sv3	93.023	43	3	0	2	44	42	84	1.30e-28	90.9
put.regTaAOX-3B	regTaAOX-4BL.sv2	93.023	43	3	0	2	44	36	78	1.39e-28	90.5
put.regTaAOX-3B	TaAOX1a-2BL	97.674	43	1	0	2	44	233	275	2.59e-28	97.1
put.regTaAOX-3B	TaAOX1c-6DL	76.744	43	10	0	2	44	171	213	1.60e-22	80.9
put.regTaAOX-3B	TaAOX1c-6DL	41.667	24	10	1	77	96	60	83	1.1	18.9
put.regTaAOX-3B	TaAOX1c-6BL.sv3	76.744	43	10	0	2	44	207	249	2.13e-22	80.5
put.regTaAOX-3B	TaAOX1c-6BL.sv3	50.000	12	6	0	77	88	96	107	1.5	18.5
put.regTaAOX-3B	TaAOX1c-6BL.sv1	76.744	43	10	0	2	44	207	249	2.13e-22	80.5
put.regTaAOX-3B	TaAOX1c-6BL.sv1	50.000	12	6	0	77	88	96	107	1.5	18.5
put.regTaAOX-3B	TaAOX1c-6BL.sv2	76.744	43	10	0	2	44	188	230	2.66e-22	80.1
put.regTaAOX-3B	TaAOX1c-6BL.sv2	50.000	12	6	0	77	88	96	107	1.6	18.5
put.regTaAOX-3B	TaAOX1c-6AL	74.419	43	11	0	2	44	173	215	4.90e-22	79.3
put.regTaAOX-3B	TaAOX1c-6AL	50.000	12	6	0	77	88	60	71	1.5	18.5
put.regTaAOX-3B	TuAOX1c	74.419	43	11	0	2	44	210	252	1.78e-21	77.8
put.regTaAOX-3B	AetAOX1e	65.116	43	15	0	2	44	141	183	2.14e-19	72.0
put.regTaAOX-3B	TaAOX1d-2DL	60.465	43	17	0	2	44	102	144	1.50e-18	69.3
put.regTaAOX-3B	ne.TaAOX1d-2BL.1	60.465	43	17	0	2	44	106	148	4.49e-18	68.2
put.regTaAOX-3B	ne.AesAOX1d	60.465	43	17	0	2	44	106	148	4.72e-18	68.2
put.regTaAOX-3B	AetAOX1d	60.465	43	17	0	2	44	71	113	6.83e-18	67.4
put.regTaAOX-3B	put.TaAOX1e-3DS	62.791	43	16	0	2	44	38	80	1.68e-17	65.9
put.regTaAOX-3B	TuAOX1d.1	58.140	43	18	0	2	44	71	113	2.68e-17	65.9
put.regTaAOX-3B	TaAOX1d-2AL.2.sv2	55.814	43	19	0	2	44	106	148	8.26e-17	64.7
put.regTaAOX-3B	TaAOX1d-2AL.2.sv1	55.814	43	19	0	2	44	106	148	8.26e-17	64.7
put.regTaAOX-3B	ne.TaAOX1d-2DL	53.488	43	20	0	2	44	104	146	6.67e-15	59.3
put.regTaAOX-3B	AetAOX1d-like	53.488	43	20	0	2	44	130	172	7.42e-15	58.9
put.regTaAOX-3B	AetAOX1d-like	56.000	25	11	0	2	26	86	110	1.49e-07	38.5
put.regTaAOX-3B	TaAOX1d-2AL.1	53.488	43	20	0	2	44	70	112	7.66e-15	58.9
put.regTaAOX-3B	TuAOX1d.2	53.488	43	20	0	2	44	179	221	9.04e-15	58.9
put.regTaAOX-3B	ne.TaAOX1d-2BL.2	53.488	43	20	0	2	44	105	147	1.06e-14	58.5
put.regTaAOX-3B	AetAOX1a	100.000	22	0	0	23	44	1	22	1.57e-11	49.3
put.regTaAOX-3B	TuAOX1a	100.000	22	0	0	23	44	1	22	1.57e-11	49.3
put.regTaAOX-3B	put.TaAOX1d-like-4AS	83.333	6	1	0	39	44	72	77	8.1	16.2
put.regTaAOX-6BL	put.regTaAOX-6BL	100.000	146	0	0	1	146	1	146	9.71e-107	292
put.regTaAOX-6BL	TaAOX1a-2AL.sv1	84.722	72	10	1	9	80	1	71	3.03e-34	113
put.regTaAOX-6BL	TaAOX1a-2BL	87.179	78	10	0	2	79	122	199	3.20e-32	110
put.regTaAOX-6BL	put.regTaAOX-3B	82.143	56	10	0	91	146	41	96	3.52e-30	97.1
put.regTaAOX-6BL	TaAOX1a-2AL.sv2	85.000	60	8	1	9	68	1	59	6.12e-28	96.7
put.regTaAOX-6BL	TaAOX1a-2DL.sv1	82.143	56	9	1	9	64	1	55	3.31e-25	89.7
put.regTaAOX-6BL	TaAOX1a-2DL.sv2	86.667	30	3	1	9	38	1	29	4.47e-11	50.1
put.regTaAOX-6BL	TaAOX1c-6DL	50.943	53	18	3	9	57	51	99	9.68e-08	40.4
put.regTaAOX-6BL	TaAOX1c-6BL.sv3	50.980	51	15	4	12	57	90	135	1.60e-06	37.0
put.regTaAOX-6BL	TaAOX1c-6BL.sv1	50.980	51	15	4	12	57	90	135	1.60e-06	37.0
put.regTaAOX-6BL	TaAOX1c-6AL	49.057	53	15	4	12	57	54	101	3.58e-06	36.2
put.regTaAOX-6BL	TuAOX1d.2	43.333	60	20	3	9	67	90	136	2.18e-04	30.8
put.regTaAOX-6BL	ne.AesAOX1d	35.443	79	29	3	9	75	1	69	2.92e-04	30.4
put.regTaAOX-6BL	ne.TaAOX1d-2DL	40.323	62	29	3	9	65	1	59	4.53e-04	29.6
put.regTaAOX-6BL	TaAOX1d-2AL.2.sv2	37.838	74	21	4	9	67	1	64	6.41e-04	29.3
put.regTaAOX-6BL	TaAOX1d-2AL.2.sv1	37.838	74	21	4	9	67	1	64	6.41e-04	29.3
put.regTaAOX-6BL	ne.TaAOX1d-2BL.2	38.889	72	21	4	9	67	1	62	0.001	28.9
put.regTaAOX-6BL	ne.TaAOX1d-2BL.1	39.062	64	17	3	9	60	1	54	0.001	28.9
put.regTaAOX-6BL	AetAOX1d-like	68.750	16	5	0	9	24	1	16	0.012	25.4
put.regTaAOX-6BL	TaAOX1c-6BL.sv2	56.522	23	7	1	12	34	90	109	0.035	24.3
put.regTaAOX-6BL	TaAOX1d-2DL	34.286	70	21	4	13	67	1	60	0.22	21.9
put.regTaAOX-6BL	AetAOX1e	50.000	20	9	1	20	39	78	96	1.7	19.2
ne.TaAOX1d-2DL	ne.TaAOX1d-2DL	100.000	329	0	0	1	329	1	329	0.0	669
ne.TaAOX1d-2DL	ne.TaAOX1d-2BL.2	95.758	330	13	1	1	329	1	330	0.0	639
ne.TaAOX1d-2DL	ne.AesAOX1d	92.749	331	22	2	1	329	1	331	0.0	622
ne.TaAOX1d-2DL	TaAOX1d-2AL.2.sv2	90.909	330	28	2	1	328	1	330	0.0	612
ne.TaAOX1d-2DL	TaAOX1d-2AL.2.sv1	90.909	330	28	2	1	328	1	330	0.0	612
ne.TaAOX1d-2DL	ne.TaAOX1d-2BL.1	90.634	331	29	2	1	329	1	331	0.0	607
ne.TaAOX1d-2DL	TaAOX1d-2DL	91.104	326	27	2	5	328	1	326	0.0	603
ne.TaAOX1d-2DL	TuAOX1d.2	90.578	329	15	2	1	328	90	403	0.0	600
ne.TaAOX1d-2DL	TaAOX1d-2AL.1	93.197	294	19	1	36	328	1	294	0.0	563
ne.TaAOX1d-2DL	TuAOX1d.1	90.508	295	26	2	36	328	1	295	0.0	551
ne.TaAOX1d-2DL	AetAOX1d	90.508	295	26	2	36	328	1	295	0.0	550
ne.TaAOX1d-2DL	TaAOX1a-2AL.sv2	65.970	335	92	6	1	328	1	320	6.30e-157	434
ne.TaAOX1d-2DL	TaAOX1a-2AL.sv1	65.672	335	101	6	1	328	1	328	1.53e-156	433
ne.TaAOX1d-2DL	TaAOX1c-6BL.sv3	62.791	344	107	2	4	328	90	431	1.03e-154	432
ne.TaAOX1d-2DL	TaAOX1c-6BL.sv1	62.791	344	107	2	4	328	90	431	1.03e-154	432
ne.TaAOX1d-2DL	TaAOX1c-6BL.sv2	63.415	328	112	2	4	328	90	412	1.01e-153	429
ne.TaAOX1d-2DL	TaAOX1a-2DL.sv2	64.438	329	81	5	1	328	1	294	5.22e-153	422
ne.TaAOX1d-2DL	TaAOX1a-2DL.sv1	61.823	351	96	6	1	328	1	336	5.44e-153	424
ne.TaAOX1d-2DL	TaAOX1c-6AL	62.791	344	109	2	4	328	54	397	1.64e-152	425
ne.TaAOX1d-2DL	TaAOX1a-2BL	65.569	334	104	6	1	328	129	457	2.08e-152	427
ne.TaAOX1d-2DL	TaAOX1c-6DL	61.671	347	112	2	1	328	51	395	8.52e-151	421
ne.TaAOX1d-2DL	AetAOX1d-like	60.484	372	20	5	1	328	1	289	5.29e-139	387
ne.TaAOX1d-2DL	AetAOX1e	63.000	300	95	1	45	328	66	365	9.95e-139	389
ne.TaAOX1d-2DL	TuAOX1c	75.221	226	56	0	103	328	209	434	3.97e-134	380
ne.TaAOX1d-2DL	TuAOX1c	31.818	22	15	0	13	34	30	51	3.8	19.2
ne.TaAOX1d-2DL	put.TaAOX1e-3DS	67.050	261	86	0	68	328	2	262	5.31e-132	368
ne.TaAOX1d-2DL	AetAOX1a	78.218	202	44	0	127	328	3	204	1.55e-121	339
ne.TaAOX1d-2DL	TuAOX1a	78.218	202	44	0	127	328	3	204	1.55e-121	339
ne.TaAOX1d-2DL	put.TaAOX1d-like-4AS	73.733	217	23	1	36	252	1	183	4.21e-114	320
ne.TaAOX1d-2DL	TaAOX1a-like-2DL	84.756	164	25	0	165	328	1	164	4.19e-105	296
ne.TaAOX1d-2DL	regTaAOX-3B	55.725	131	34	1	198	328	1	107	1.38e-45	142
ne.TaAOX1d-2DL	regTaAOX-4BL.sv2	52.174	69	32	1	79	146	10	78	5.44e-23	82.4
ne.TaAOX1d-2DL	regTaAOX-4BL.sv4	52.113	71	33	1	79	148	10	80	6.60e-23	83.2
ne.TaAOX1d-2DL	regTaAOX-4BL.sv1	52.113	71	33	1	79	148	10	80	6.60e-23	83.2
ne.TaAOX1d-2DL	regTaAOX-4BL.sv3	48.000	75	32	2	79	146	10	84	1.20e-20	76.3
ne.TaAOX1d-2DL	put.regTaAOX-3B	53.488	43	20	0	104	146	2	44	2.28e-14	59.3
ne.TaAOX1d-2DL	put.regTaAOX-6BL	40.000	60	28	3	1	57	9	63	0.003	28.5
ne.TaAOX1d-2BL.1	ne.TaAOX1d-2BL.1	100.000	331	0	0	1	331	1	331	0.0	676
ne.TaAOX1d-2BL.1	ne.AesAOX1d	97.583	331	8	0	1	331	1	331	0.0	662
ne.TaAOX1d-2BL.1	TaAOX1d-2AL.2.sv2	97.273	330	9	0	1	330	1	330	0.0	662
ne.TaAOX1d-2BL.1	TaAOX1d-2AL.2.sv1	97.273	330	9	0	1	330	1	330	0.0	662
ne.TaAOX1d-2BL.1	TaAOX1d-2DL	98.160	326	6	0	5	330	1	326	0.0	657
ne.TaAOX1d-2BL.1	ne.TaAOX1d-2BL.2	92.145	331	25	1	1	331	1	330	0.0	621
ne.TaAOX1d-2BL.1	ne.TaAOX1d-2DL	90.634	331	29	2	1	331	1	329	0.0	607
ne.TaAOX1d-2BL.1	AetAOX1d	97.966	295	6	0	36	330	1	295	0.0	600
ne.TaAOX1d-2BL.1	TuAOX1d.1	97.288	295	8	0	36	330	1	295	0.0	598
ne.TaAOX1d-2BL.1	TuAOX1d.2	86.364	330	29	2	1	330	90	403	0.0	577
ne.TaAOX1d-2BL.1	TaAOX1d-2AL.1	89.831	295	29	1	36	330	1	294	0.0	549
ne.TaAOX1d-2BL.1	TaAOX1a-2AL.sv1	68.060	335	95	6	1	330	1	328	8.64e-164	451
ne.TaAOX1d-2BL.1	TaAOX1a-2AL.sv2	67.665	334	90	6	1	330	1	320	6.17e-162	446
ne.TaAOX1d-2BL.1	TaAOX1c-6BL.sv3	64.035	342	108	2	4	330	90	431	7.54e-160	445
ne.TaAOX1d-2BL.1	TaAOX1c-6BL.sv1	64.035	342	108	2	4	330	90	431	7.54e-160	445
ne.TaAOX1d-2BL.1	TaAOX1c-6BL.sv2	65.749	327	108	1	4	330	90	412	5.07e-159	442
ne.TaAOX1d-2BL.1	TaAOX1a-2BL	67.066	334	101	4	1	330	129	457	2.10e-158	442
ne.TaAOX1d-2BL.1	TaAOX1a-2DL.sv1	65.282	337	109	4	1	330	1	336	7.60e-158	437
ne.TaAOX1d-2BL.1	TaAOX1c-6AL	63.953	344	107	2	4	330	54	397	8.95e-158	439
ne.TaAOX1d-2BL.1	TaAOX1c-6DL	63.768	345	110	2	1	330	51	395	4.54e-157	437
ne.TaAOX1d-2BL.1	TaAOX1a-2DL.sv2	64.048	331	81	3	1	330	1	294	9.91e-157	432
ne.TaAOX1d-2BL.1	AetAOX1e	65.161	310	102	3	23	330	60	365	1.79e-144	404
ne.TaAOX1d-2BL.1	TuAOX1c	77.434	226	51	0	105	330	209	434	5.63e-138	390
ne.TaAOX1d-2BL.1	AetAOX1d-like	58.556	374	26	6	1	330	1	289	1.64e-136	381
ne.TaAOX1d-2BL.1	put.TaAOX1e-3DS	69.084	262	80	1	69	330	2	262	1.96e-136	379
ne.TaAOX1d-2BL.1	AetAOX1a	78.922	204	43	0	127	330	1	204	6.91e-125	348
ne.TaAOX1d-2BL.1	TuAOX1a	78.922	204	43	0	127	330	1	204	6.91e-125	348
ne.TaAOX1d-2BL.1	put.TaAOX1d-like-4AS	72.018	218	25	3	36	253	1	182	1.64e-108	306
ne.TaAOX1d-2BL.1	TaAOX1a-like-2DL	84.146	164	26	0	167	330	1	164	4.92e-104	293
ne.TaAOX1d-2BL.1	regTaAOX-3B	55.725	131	34	1	200	330	1	107	1.04e-45	142
ne.TaAOX1d-2BL.1	regTaAOX-4BL.sv4	60.294	68	26	1	84	150	13	80	1.27e-27	95.9
ne.TaAOX1d-2BL.1	regTaAOX-4BL.sv4	32.258	31	21	0	42	72	76	106	1.6	20.0
ne.TaAOX1d-2BL.1	regTaAOX-4BL.sv1	60.294	68	26	1	84	150	13	80	1.27e-27	95.9
ne.TaAOX1d-2BL.1	regTaAOX-4BL.sv1	32.258	31	21	0	42	72	76	106	1.6	20.0
ne.TaAOX1d-2BL.1	regTaAOX-4BL.sv2	60.606	66	25	1	84	148	13	78	2.75e-27	94.0
ne.TaAOX1d-2BL.1	regTaAOX-4BL.sv3	55.556	72	25	2	84	148	13	84	6.12e-25	87.8
ne.TaAOX1d-2BL.1	put.regTaAOX-3B	60.465	43	17	0	106	148	2	44	1.55e-17	68.2
ne.TaAOX1d-2BL.1	put.regTaAOX-6BL	39.062	64	17	3	1	54	9	60	0.002	28.9
ne.TaAOX1d-2BL.2	ne.TaAOX1d-2BL.2	100.000	330	0	0	1	330	1	330	0.0	674
ne.TaAOX1d-2BL.2	ne.TaAOX1d-2DL	95.758	330	13	1	1	330	1	329	0.0	639
ne.TaAOX1d-2BL.2	TuAOX1d.2	93.617	329	6	1	1	329	90	403	0.0	627
ne.TaAOX1d-2BL.2	ne.AesAOX1d	92.749	331	23	1	1	330	1	331	0.0	625
ne.TaAOX1d-2BL.2	ne.TaAOX1d-2BL.1	92.145	331	25	1	1	330	1	331	0.0	621
ne.TaAOX1d-2BL.2	TaAOX1d-2AL.2.sv2	91.818	330	26	1	1	329	1	330	0.0	621
ne.TaAOX1d-2BL.2	TaAOX1d-2AL.2.sv1	91.818	330	26	1	1	329	1	330	0.0	621
ne.TaAOX1d-2BL.2	TaAOX1d-2DL	92.025	326	25	1	5	329	1	326	0.0	612
ne.TaAOX1d-2BL.2	TaAOX1d-2AL.1	96.259	294	11	0	36	329	1	294	0.0	587
ne.TaAOX1d-2BL.2	TuAOX1d.1	91.186	295	25	1	36	329	1	295	0.0	556
ne.TaAOX1d-2BL.2	AetAOX1d	91.186	295	25	1	36	329	1	295	0.0	555
ne.TaAOX1d-2BL.2	TaAOX1a-2AL.sv1	66.269	335	100	6	1	329	1	328	6.87e-156	431
ne.TaAOX1d-2BL.2	TaAOX1a-2AL.sv2	66.667	333	94	7	1	329	1	320	1.26e-155	430
ne.TaAOX1d-2BL.2	TaAOX1c-6BL.sv3	61.404	342	116	2	4	329	90	431	5.34e-153	428
ne.TaAOX1d-2BL.2	TaAOX1c-6BL.sv1	61.404	342	116	2	4	329	90	431	5.34e-153	428
ne.TaAOX1d-2BL.2	TaAOX1c-6BL.sv2	64.438	329	108	2	4	329	90	412	1.13e-152	426
ne.TaAOX1d-2BL.2	TaAOX1c-6AL	61.919	344	113	1	4	329	54	397	1.82e-152	425
ne.TaAOX1d-2BL.2	TaAOX1a-2DL.sv1	63.798	337	113	4	1	329	1	336	1.59e-151	421
ne.TaAOX1d-2BL.2	TaAOX1a-2BL	65.970	335	102	6	1	329	129	457	3.06e-151	424
ne.TaAOX1d-2BL.2	TaAOX1a-2DL.sv2	63.333	330	84	4	1	329	1	294	5.09e-151	417
ne.TaAOX1d-2BL.2	TaAOX1c-6DL	60.290	345	121	2	1	329	51	395	6.53e-150	419
ne.TaAOX1d-2BL.2	AetAOX1d-like	62.466	373	12	4	1	329	1	289	3.73e-148	410
ne.TaAOX1d-2BL.2	AetAOX1e	62.581	310	108	1	20	329	64	365	1.47e-138	389
ne.TaAOX1d-2BL.2	TuAOX1c	75.221	226	56	0	104	329	209	434	1.10e-133	379
ne.TaAOX1d-2BL.2	put.TaAOX1e-3DS	67.050	261	86	0	69	329	2	262	1.93e-132	369
ne.TaAOX1d-2BL.2	AetAOX1a	78.218	202	44	0	128	329	3	204	1.98e-121	339
ne.TaAOX1d-2BL.2	TuAOX1a	78.218	202	44	0	128	329	3	204	1.98e-121	339
ne.TaAOX1d-2BL.2	put.TaAOX1d-like-4AS	77.064	218	15	2	36	253	1	183	2.51e-118	330
ne.TaAOX1d-2BL.2	TaAOX1a-like-2DL	84.756	164	25	0	166	329	1	164	2.68e-105	296
ne.TaAOX1d-2BL.2	regTaAOX-3B	55.725	131	34	1	199	329	1	107	1.05e-45	142
ne.TaAOX1d-2BL.2	regTaAOX-4BL.sv4	52.941	68	31	1	83	149	13	80	2.13e-22	81.6
ne.TaAOX1d-2BL.2	regTaAOX-4BL.sv1	52.941	68	31	1	83	149	13	80	2.13e-22	81.6
ne.TaAOX1d-2BL.2	regTaAOX-4BL.sv2	53.030	66	30	1	83	147	13	78	3.21e-22	80.5
ne.TaAOX1d-2BL.2	regTaAOX-4BL.sv3	48.611	72	30	2	83	147	13	84	6.27e-20	74.3
ne.TaAOX1d-2BL.2	put.regTaAOX-3B	53.488	43	20	0	105	147	2	44	3.65e-14	58.5
ne.TaAOX1d-2BL.2	put.regTaAOX-6BL	39.683	63	16	3	1	53	9	59	0.003	28.5
TuAOX1a	TaAOX1a-2DL.sv1	100.000	204	0	0	1	204	133	336	1.38e-157	431
TuAOX1a	AetAOX1a	100.000	204	0	0	1	204	1	204	1.95e-157	425
TuAOX1a	TuAOX1a	100.000	204	0	0	1	204	1	204	1.95e-157	425
TuAOX1a	TaAOX1a-2AL.sv1	100.000	204	0	0	1	204	125	328	2.45e-157	429
TuAOX1a	TaAOX1a-2AL.sv2	100.000	204	0	0	1	204	117	320	3.64e-157	429
TuAOX1a	TaAOX1a-2DL.sv2	100.000	204	0	0	1	204	91	294	5.51e-157	427
TuAOX1a	TaAOX1a-2BL	100.000	204	0	0	1	204	254	457	1.68e-155	430
TuAOX1a	TaAOX1c-6BL.sv2	86.765	204	27	0	1	204	209	412	6.92e-140	389
TuAOX1a	TaAOX1c-6BL.sv3	86.765	204	27	0	1	204	228	431	1.19e-139	389
TuAOX1a	TaAOX1c-6BL.sv1	86.765	204	27	0	1	204	228	431	1.19e-139	389
TuAOX1a	TaAOX1c-6DL	86.765	204	27	0	1	204	192	395	1.28e-139	387
TuAOX1a	TuAOX1c	86.765	204	27	0	1	204	231	434	3.40e-139	387
TuAOX1a	TaAOX1c-6AL	86.765	204	27	0	1	204	194	397	3.94e-139	386
TuAOX1a	AetAOX1e	82.673	202	35	0	3	204	164	365	1.38e-128	358
TuAOX1a	put.TaAOX1e-3DS	80.693	202	39	0	3	204	61	262	1.41e-125	347
TuAOX1a	ne.TaAOX1d-2BL.1	78.922	204	43	0	1	204	127	330	4.26e-125	348
TuAOX1a	ne.AesAOX1d	78.922	204	43	0	1	204	127	330	5.48e-125	348
TuAOX1a	TuAOX1d.1	78.922	204	43	0	1	204	92	295	6.32e-125	346
TuAOX1a	TaAOX1d-2AL.2.sv2	78.922	204	43	0	1	204	127	330	6.81e-125	347
TuAOX1a	TaAOX1d-2AL.2.sv1	78.922	204	43	0	1	204	127	330	6.81e-125	347
TuAOX1a	TaAOX1d-2DL	78.922	204	43	0	1	204	123	326	9.12e-125	347
TuAOX1a	AetAOX1d	78.431	204	44	0	1	204	92	295	1.32e-124	345
TuAOX1a	ne.TaAOX1d-2DL	78.218	202	44	0	3	204	127	328	9.60e-122	339
TuAOX1a	ne.TaAOX1d-2BL.2	78.218	202	44	0	3	204	128	329	1.22e-121	339
TuAOX1a	TuAOX1d.2	78.218	202	44	0	3	204	202	403	1.71e-121	342
TuAOX1a	TaAOX1d-2AL.1	76.733	202	47	0	3	204	93	294	1.61e-120	335
TuAOX1a	TaAOX1a-like-2DL	95.732	164	7	0	41	204	1	164	1.83e-119	327
TuAOX1a	put.TaAOX1d-like-4AS	79.464	112	23	0	17	128	72	183	2.63e-65	191
TuAOX1a	AetAOX1d-like	49.010	202	38	2	3	204	153	289	1.81e-60	182
TuAOX1a	regTaAOX-3B	59.542	131	29	2	74	204	1	107	1.78e-50	150
TuAOX1a	put.regTaAOX-3B	100.000	22	0	0	1	22	23	44	3.34e-11	49.3
TuAOX1a	regTaAOX-4BL.sv4	91.667	24	2	0	1	24	57	80	1.21e-10	48.1
TuAOX1a	regTaAOX-4BL.sv1	91.667	24	2	0	1	24	57	80	1.21e-10	48.1
TuAOX1a	regTaAOX-4BL.sv2	95.455	22	1	0	1	22	57	78	1.73e-10	47.0
TuAOX1a	regTaAOX-4BL.sv3	95.455	22	1	0	1	22	63	84	1.86e-10	47.0
TuAOX1c	TuAOX1c	100.000	434	0	0	1	434	1	434	0.0	908
TuAOX1c	TaAOX1c-6AL	99.558	226	1	0	209	434	172	397	1.66e-173	483
TuAOX1c	TaAOX1c-6BL.sv2	98.673	226	3	0	209	434	187	412	8.28e-173	482
TuAOX1c	TaAOX1c-6BL.sv3	98.673	226	3	0	209	434	206	431	8.35e-173	483
TuAOX1c	TaAOX1c-6BL.sv1	98.673	226	3	0	209	434	206	431	8.35e-173	483
TuAOX1c	TaAOX1c-6DL	98.230	226	4	0	209	434	170	395	9.94e-171	476
TuAOX1c	TaAOX1a-2AL.sv1	84.513	226	35	0	209	434	103	328	8.08e-153	428
TuAOX1c	TaAOX1a-2AL.sv2	84.513	226	35	0	209	434	95	320	9.74e-153	427
TuAOX1c	TaAOX1a-2DL.sv2	84.513	226	35	0	209	434	69	294	1.87e-152	426
TuAOX1c	TaAOX1a-2DL.sv1	84.513	226	35	0	209	434	111	336	2.92e-152	427
TuAOX1c	TaAOX1a-2BL	84.513	226	35	0	209	434	232	457	9.55e-151	427
TuAOX1c	AetAOX1a	86.765	204	27	0	231	434	1	204	2.35e-139	389
TuAOX1c	TuAOX1a	86.765	204	27	0	231	434	1	204	2.35e-139	389
TuAOX1c	ne.TaAOX1d-2BL.1	77.434	226	51	0	209	434	105	330	2.83e-138	391
TuAOX1c	ne.AesAOX1d	77.434	226	51	0	209	434	105	330	3.75e-138	390
TuAOX1c	AetAOX1d	76.991	226	52	0	209	434	70	295	7.53e-138	389
TuAOX1c	TaAOX1d-2DL	77.434	226	51	0	209	434	101	326	9.91e-138	389
TuAOX1c	TuAOX1d.1	76.549	226	53	0	209	434	70	295	1.27e-137	388
TuAOX1c	AetAOX1e	70.270	259	77	0	176	434	107	365	9.46e-137	388
TuAOX1c	TaAOX1d-2AL.2.sv2	76.106	226	54	0	209	434	105	330	9.75e-137	387
TuAOX1c	TaAOX1d-2AL.2.sv1	76.106	226	54	0	209	434	105	330	9.75e-137	387
TuAOX1c	ne.TaAOX1d-2DL	75.221	226	56	0	209	434	103	328	1.92e-134	381
TuAOX1c	ne.TaAOX1d-2DL	31.818	22	15	0	30	51	13	34	4.1	19.6
TuAOX1c	ne.TaAOX1d-2BL.2	75.221	226	56	0	209	434	104	329	3.47e-134	380
TuAOX1c	TuAOX1d.2	76.106	226	54	0	209	434	178	403	3.67e-134	383
TuAOX1c	TaAOX1d-2AL.1	74.779	226	57	0	209	434	69	294	1.12e-133	378
TuAOX1c	put.TaAOX1e-3DS	67.954	259	83	0	176	434	4	262	1.73e-131	371
TuAOX1c	TaAOX1a-like-2DL	81.707	164	30	0	271	434	1	164	1.05e-103	296
TuAOX1c	AetAOX1d-like	48.230	226	52	2	209	434	129	289	3.48e-71	218
TuAOX1c	AetAOX1d-like	35.484	31	18	1	30	60	13	41	0.63	22.3
TuAOX1c	put.TaAOX1d-like-4AS	70.896	134	37	2	227	358	50	183	1.85e-63	194
TuAOX1c	regTaAOX-3B	56.489	131	33	2	304	434	1	107	1.34e-46	147
TuAOX1c	put.regTaAOX-3B	74.419	43	11	0	210	252	2	44	9.50e-21	77.8
TuAOX1c	regTaAOX-4BL.sv3	71.111	45	13	0	208	252	40	84	2.13e-20	76.6
TuAOX1c	regTaAOX-4BL.sv4	69.565	46	14	0	209	254	35	80	1.81e-19	74.7
TuAOX1c	regTaAOX-4BL.sv1	69.565	46	14	0	209	254	35	80	1.81e-19	74.7
TuAOX1c	regTaAOX-4BL.sv2	70.455	44	13	0	209	252	35	78	3.14e-19	73.2
TuAOX1d.1	TuAOX1d.1	100.000	295	0	0	1	295	1	295	0.0	607
TuAOX1d.1	TaAOX1d-2AL.2.sv2	99.661	295	1	0	1	295	36	330	0.0	607
TuAOX1d.1	TaAOX1d-2AL.2.sv1	99.661	295	1	0	1	295	36	330	0.0	607
TuAOX1d.1	TaAOX1d-2DL	98.644	295	4	0	1	295	32	326	0.0	603
TuAOX1d.1	AetAOX1d	98.644	295	4	0	1	295	1	295	0.0	603
TuAOX1d.1	ne.TaAOX1d-2BL.1	97.288	295	8	0	1	295	36	330	0.0	598
TuAOX1d.1	ne.AesAOX1d	96.610	295	10	0	1	295	36	330	0.0	595
TuAOX1d.1	ne.TaAOX1d-2BL.2	91.186	295	25	1	1	295	36	329	0.0	556
TuAOX1d.1	TuAOX1d.2	90.169	295	28	1	1	295	110	403	0.0	554
TuAOX1d.1	ne.TaAOX1d-2DL	90.508	295	26	2	1	295	36	328	0.0	551
TuAOX1d.1	TaAOX1d-2AL.1	89.831	295	29	1	1	295	1	294	0.0	550
TuAOX1d.1	TaAOX1a-2AL.sv1	69.930	286	85	1	11	295	43	328	1.71e-156	431
TuAOX1d.1	TaAOX1c-6BL.sv2	74.806	258	65	0	38	295	155	412	7.80e-155	430
TuAOX1d.1	TaAOX1c-6BL.sv3	74.806	258	65	0	38	295	174	431	1.59e-154	430
TuAOX1d.1	TaAOX1c-6BL.sv1	74.806	258	65	0	38	295	174	431	1.59e-154	430
TuAOX1d.1	TaAOX1a-2AL.sv2	70.280	286	76	3	11	295	43	320	2.10e-154	426
TuAOX1d.1	TaAOX1a-2DL.sv2	73.507	268	69	2	30	295	27	294	1.39e-153	422
TuAOX1d.1	TaAOX1a-2DL.sv1	74.419	258	65	1	39	295	79	336	4.12e-152	421
TuAOX1d.1	TaAOX1c-6AL	74.708	257	64	1	40	295	141	397	1.13e-151	422
TuAOX1d.1	TaAOX1c-6DL	73.930	257	67	0	39	295	139	395	2.22e-151	421
TuAOX1d.1	TaAOX1a-2BL	70.280	286	84	1	11	295	172	457	2.69e-151	423
TuAOX1d.1	AetAOX1e	70.817	257	75	0	39	295	109	365	1.26e-141	395
TuAOX1d.1	TuAOX1c	76.549	226	53	0	70	295	209	434	2.16e-137	387
TuAOX1d.1	put.TaAOX1e-3DS	67.704	257	83	0	39	295	6	262	6.19e-135	374
TuAOX1d.1	AetAOX1a	78.922	204	43	0	92	295	1	204	9.14e-125	346
TuAOX1d.1	TuAOX1a	78.922	204	43	0	92	295	1	204	9.14e-125	346
TuAOX1d.1	AetAOX1d-like	57.622	328	29	5	12	295	28	289	6.07e-121	340
TuAOX1d.1	put.TaAOX1d-like-4AS	72.018	218	25	3	1	218	1	182	6.44e-109	305
TuAOX1d.1	TaAOX1a-like-2DL	84.146	164	26	0	132	295	1	164	4.71e-104	292
TuAOX1d.1	regTaAOX-3B	54.962	131	35	1	165	295	1	107	1.47e-45	141
TuAOX1d.1	regTaAOX-4BL.sv4	57.353	68	28	1	49	115	13	80	1.31e-26	92.4
TuAOX1d.1	regTaAOX-4BL.sv4	27.273	33	24	0	7	39	76	108	6.0	18.1
TuAOX1d.1	regTaAOX-4BL.sv1	57.353	68	28	1	49	115	13	80	1.31e-26	92.4
TuAOX1d.1	regTaAOX-4BL.sv1	27.273	33	24	0	7	39	76	108	6.0	18.1
TuAOX1d.1	regTaAOX-4BL.sv2	57.576	66	27	1	49	113	13	78	3.00e-26	90.5
TuAOX1d.1	regTaAOX-4BL.sv3	52.778	72	27	2	49	113	13	84	6.60e-24	84.7
TuAOX1d.1	put.regTaAOX-3B	58.140	43	18	0	71	113	2	44	8.24e-17	65.9
TuAOX1d.2	TuAOX1d.2	100.000	403	0	0	1	403	1	403	0.0	824
TuAOX1d.2	ne.TaAOX1d-2BL.2	93.617	329	6	1	90	403	1	329	0.0	627
TuAOX1d.2	ne.TaAOX1d-2BL.2	54.545	22	10	0	10	31	20	41	7.1	18.9
TuAOX1d.2	ne.TaAOX1d-2DL	90.578	329	15	2	90	403	1	328	0.0	600
TuAOX1d.2	ne.TaAOX1d-2DL	54.545	22	10	0	10	31	20	41	8.0	18.5
TuAOX1d.2	TaAOX1d-2AL.1	95.918	294	12	0	110	403	1	294	0.0	587
TuAOX1d.2	ne.AesAOX1d	86.970	330	27	2	90	403	1	330	0.0	581
TuAOX1d.2	ne.AesAOX1d	54.545	22	10	0	10	31	20	41	8.8	18.5
TuAOX1d.2	ne.TaAOX1d-2BL.1	86.364	330	29	2	90	403	1	330	0.0	577
TuAOX1d.2	ne.TaAOX1d-2BL.1	54.545	22	10	0	10	31	20	41	8.2	18.5
TuAOX1d.2	TaAOX1d-2AL.2.sv2	86.061	330	30	2	90	403	1	330	0.0	577
TuAOX1d.2	TaAOX1d-2AL.2.sv2	54.545	22	10	0	10	31	20	41	9.7	18.5
TuAOX1d.2	TaAOX1d-2AL.2.sv1	86.061	330	30	2	90	403	1	330	0.0	577
TuAOX1d.2	TaAOX1d-2AL.2.sv1	54.545	22	10	0	10	31	20	41	9.7	18.5
TuAOX1d.2	TaAOX1d-2DL	86.196	326	29	2	94	403	1	326	0.0	568
TuAOX1d.2	TaAOX1d-2DL	54.545	22	10	0	10	31	16	37	8.8	18.5
TuAOX1d.2	TuAOX1d.1	90.169	295	28	1	110	403	1	295	0.0	554
TuAOX1d.2	AetAOX1d	90.169	295	28	1	110	403	1	295	0.0	553
TuAOX1d.2	TaAOX1a-2AL.sv1	65.244	328	100	4	90	403	1	328	3.23e-156	435
TuAOX1d.2	TaAOX1a-2AL.sv2	66.250	320	102	3	90	403	1	320	1.76e-155	433
TuAOX1d.2	TaAOX1a-2DL.sv2	66.667	315	83	4	90	403	1	294	6.80e-154	428
TuAOX1d.2	TaAOX1a-2DL.sv1	63.690	336	100	4	90	403	1	336	2.13e-151	423
TuAOX1d.2	TaAOX1a-2BL	65.455	330	97	4	90	403	129	457	3.60e-151	427
TuAOX1d.2	TaAOX1c-6BL.sv2	74.319	257	66	0	147	403	156	412	5.54e-149	420
TuAOX1d.2	TaAOX1c-6AL	73.930	257	67	0	147	403	141	397	2.42e-147	415
TuAOX1d.2	TaAOX1c-6DL	73.152	257	69	0	147	403	139	395	1.10e-145	411
TuAOX1d.2	TaAOX1c-6BL.sv3	61.111	342	102	3	93	403	90	431	2.77e-144	409
TuAOX1d.2	TaAOX1c-6BL.sv1	61.111	342	102	3	93	403	90	431	2.77e-144	409
TuAOX1d.2	AetAOX1e	65.517	290	92	1	114	403	84	365	2.61e-137	389
TuAOX1d.2	TuAOX1c	76.106	226	54	0	178	403	209	434	7.30e-134	382
TuAOX1d.2	put.TaAOX1e-3DS	66.667	261	87	0	143	403	2	262	6.78e-131	368
TuAOX1d.2	AetAOX1a	78.218	202	44	0	202	403	3	204	4.54e-121	341
TuAOX1d.2	TuAOX1a	78.218	202	44	0	202	403	3	204	4.54e-121	341
TuAOX1d.2	put.TaAOX1d-like-4AS	77.064	218	15	2	110	327	1	183	8.13e-118	332
TuAOX1d.2	AetAOX1d-like	54.749	358	49	5	90	403	1	289	1.49e-114	328
TuAOX1d.2	TaAOX1a-like-2DL	84.756	164	25	0	240	403	1	164	2.80e-105	300
TuAOX1d.2	regTaAOX-3B	55.725	131	34	1	273	403	1	107	4.10e-45	143
TuAOX1d.2	regTaAOX-4BL.sv4	52.941	68	31	1	157	223	13	80	3.29e-22	82.0
TuAOX1d.2	regTaAOX-4BL.sv1	52.941	68	31	1	157	223	13	80	3.29e-22	82.0
TuAOX1d.2	regTaAOX-4BL.sv2	53.030	66	30	1	157	221	13	78	4.85e-22	80.9
TuAOX1d.2	regTaAOX-4BL.sv3	48.611	72	30	2	157	221	13	84	8.64e-20	74.7
TuAOX1d.2	put.regTaAOX-3B	53.488	43	20	0	179	221	2	44	2.67e-14	59.3
TuAOX1d.2	put.regTaAOX-6BL	45.098	51	15	2	90	127	9	59	8.75e-04	30.4
AetAOX1a	TaAOX1a-2DL.sv1	100.000	204	0	0	1	204	133	336	1.38e-157	431
AetAOX1a	AetAOX1a	100.000	204	0	0	1	204	1	204	1.95e-157	425
AetAOX1a	TuAOX1a	100.000	204	0	0	1	204	1	204	1.95e-157	425
AetAOX1a	TaAOX1a-2AL.sv1	100.000	204	0	0	1	204	125	328	2.45e-157	429
AetAOX1a	TaAOX1a-2AL.sv2	100.000	204	0	0	1	204	117	320	3.64e-157	429
AetAOX1a	TaAOX1a-2DL.sv2	100.000	204	0	0	1	204	91	294	5.51e-157	427
AetAOX1a	TaAOX1a-2BL	100.000	204	0	0	1	204	254	457	1.68e-155	430
AetAOX1a	TaAOX1c-6BL.sv2	86.765	204	27	0	1	204	209	412	6.92e-140	389
AetAOX1a	TaAOX1c-6BL.sv3	86.765	204	27	0	1	204	228	431	1.19e-139	389
AetAOX1a	TaAOX1c-6BL.sv1	86.765	204	27	0	1	204	228	431	1.19e-139	389
AetAOX1a	TaAOX1c-6DL	86.765	204	27	0	1	204	192	395	1.28e-139	387
AetAOX1a	TuAOX1c	86.765	204	27	0	1	204	231	434	3.40e-139	387
AetAOX1a	TaAOX1c-6AL	86.765	204	27	0	1	204	194	397	3.94e-139	386
AetAOX1a	AetAOX1e	82.673	202	35	0	3	204	164	365	1.38e-128	358
AetAOX1a	put.TaAOX1e-3DS	80.693	202	39	0	3	204	61	262	1.41e-125	347
AetAOX1a	ne.TaAOX1d-2BL.1	78.922	204	43	0	1	204	127	330	4.26e-125	348
AetAOX1a	ne.AesAOX1d	78.922	204	43	0	1	204	127	330	5.48e-125	348
AetAOX1a	TuAOX1d.1	78.922	204	43	0	1	204	92	295	6.32e-125	346
AetAOX1a	TaAOX1d-2AL.2.sv2	78.922	204	43	0	1	204	127	330	6.81e-125	347
AetAOX1a	TaAOX1d-2AL.2.sv1	78.922	204	43	0	1	204	127	330	6.81e-125	347
AetAOX1a	TaAOX1d-2DL	78.922	204	43	0	1	204	123	326	9.12e-125	347
AetAOX1a	AetAOX1d	78.431	204	44	0	1	204	92	295	1.32e-124	345
AetAOX1a	ne.TaAOX1d-2DL	78.218	202	44	0	3	204	127	328	9.60e-122	339
AetAOX1a	ne.TaAOX1d-2BL.2	78.218	202	44	0	3	204	128	329	1.22e-121	339
AetAOX1a	TuAOX1d.2	78.218	202	44	0	3	204	202	403	1.71e-121	342
AetAOX1a	TaAOX1d-2AL.1	76.733	202	47	0	3	204	93	294	1.61e-120	335
AetAOX1a	TaAOX1a-like-2DL	95.732	164	7	0	41	204	1	164	1.83e-119	327
AetAOX1a	put.TaAOX1d-like-4AS	79.464	112	23	0	17	128	72	183	2.63e-65	191
AetAOX1a	AetAOX1d-like	49.010	202	38	2	3	204	153	289	1.81e-60	182
AetAOX1a	regTaAOX-3B	59.542	131	29	2	74	204	1	107	1.78e-50	150
AetAOX1a	put.regTaAOX-3B	100.000	22	0	0	1	22	23	44	3.34e-11	49.3
AetAOX1a	regTaAOX-4BL.sv4	91.667	24	2	0	1	24	57	80	1.21e-10	48.1
AetAOX1a	regTaAOX-4BL.sv1	91.667	24	2	0	1	24	57	80	1.21e-10	48.1
AetAOX1a	regTaAOX-4BL.sv2	95.455	22	1	0	1	22	57	78	1.73e-10	47.0
AetAOX1a	regTaAOX-4BL.sv3	95.455	22	1	0	1	22	63	84	1.86e-10	47.0
AetAOX1e	AetAOX1e	100.000	365	0	0	1	365	1	365	0.0	752
AetAOX1e	put.TaAOX1e-3DS	96.169	261	10	0	105	365	2	262	0.0	519
AetAOX1e	TaAOX1a-2DL.sv2	72.664	289	72	2	78	365	12	294	2.68e-158	437
AetAOX1e	TaAOX1a-2AL.sv1	72.165	291	76	2	80	365	38	328	9.40e-158	437
AetAOX1e	TaAOX1a-2AL.sv2	70.323	310	69	6	78	365	12	320	5.41e-157	435
AetAOX1e	TaAOX1a-2DL.sv1	78.077	260	53	2	110	365	77	336	5.30e-156	433
AetAOX1e	TaAOX1c-6BL.sv2	76.863	255	59	0	111	365	158	412	1.04e-155	436
AetAOX1e	TaAOX1c-6BL.sv3	76.863	255	59	0	111	365	177	431	3.08e-155	435
AetAOX1e	TaAOX1c-6BL.sv1	76.863	255	59	0	111	365	177	431	3.08e-155	435
AetAOX1e	TaAOX1a-2BL	78.077	260	53	2	110	365	198	457	8.00e-155	435
AetAOX1e	TaAOX1c-6AL	77.689	251	56	0	115	365	147	397	1.24e-153	430
AetAOX1e	TaAOX1c-6DL	76.471	255	60	0	111	365	141	395	1.51e-153	429
AetAOX1e	ne.TaAOX1d-2BL.1	65.161	310	102	3	60	365	23	330	1.98e-144	404
AetAOX1e	ne.AesAOX1d	64.839	310	103	3	60	365	23	330	2.87e-143	401
AetAOX1e	TaAOX1d-2DL	64.194	310	105	3	60	365	19	326	7.43e-143	400
AetAOX1e	AetAOX1d	71.206	257	74	0	109	365	39	295	1.96e-142	397
AetAOX1e	TuAOX1d.1	70.817	257	75	0	109	365	39	295	1.56e-141	395
AetAOX1e	TaAOX1d-2AL.2.sv2	63.226	310	108	3	60	365	23	330	5.91e-141	395
AetAOX1e	TaAOX1d-2AL.2.sv1	63.226	310	108	3	60	365	23	330	5.91e-141	395
AetAOX1e	ne.TaAOX1d-2DL	63.000	300	95	1	66	365	45	328	1.10e-138	389
AetAOX1e	ne.TaAOX1d-2BL.2	62.581	310	108	1	64	365	20	329	1.62e-138	389
AetAOX1e	TuAOX1d.2	65.068	292	94	1	82	365	112	403	1.27e-137	389
AetAOX1e	TuAOX1c	70.270	259	77	0	107	365	176	434	2.01e-136	387
AetAOX1e	TaAOX1d-2AL.1	68.199	261	83	0	105	365	34	294	3.04e-136	382
AetAOX1e	AetAOX1a	82.673	202	35	0	164	365	3	204	2.48e-128	358
AetAOX1e	TuAOX1a	82.673	202	35	0	164	365	3	204	2.48e-128	358
AetAOX1e	TaAOX1a-like-2DL	79.878	164	33	0	202	365	1	164	1.67e-96	276
AetAOX1e	put.TaAOX1d-like-4AS	56.021	191	50	1	99	289	27	183	1.18e-72	216
AetAOX1e	AetAOX1d-like	47.303	241	62	2	125	365	114	289	6.76e-71	215
AetAOX1e	regTaAOX-3B	76.336	131	7	2	235	365	1	107	8.80e-65	192
AetAOX1e	regTaAOX-4BL.sv4	63.889	72	25	1	115	185	9	80	1.03e-30	104
AetAOX1e	regTaAOX-4BL.sv1	63.889	72	25	1	115	185	9	80	1.03e-30	104
AetAOX1e	regTaAOX-4BL.sv2	64.286	70	24	1	115	183	9	78	2.96e-30	102
AetAOX1e	regTaAOX-4BL.sv3	59.211	76	24	2	115	183	9	84	5.86e-28	96.7
AetAOX1e	put.regTaAOX-3B	65.116	43	15	0	141	183	2	44	8.12e-19	72.0
AetAOX1e	put.regTaAOX-6BL	50.000	20	9	1	78	96	20	39	4.5	18.9
AetAOX1d	AetAOX1d	100.000	295	0	0	1	295	1	295	0.0	608
AetAOX1d	TaAOX1d-2DL	99.322	295	2	0	1	295	32	326	0.0	605
AetAOX1d	TaAOX1d-2AL.2.sv2	98.305	295	5	0	1	295	36	330	0.0	603
AetAOX1d	TaAOX1d-2AL.2.sv1	98.305	295	5	0	1	295	36	330	0.0	603
AetAOX1d	TuAOX1d.1	98.644	295	4	0	1	295	1	295	0.0	603
AetAOX1d	ne.TaAOX1d-2BL.1	97.966	295	6	0	1	295	36	330	0.0	600
AetAOX1d	ne.AesAOX1d	97.288	295	8	0	1	295	36	330	0.0	598
AetAOX1d	ne.TaAOX1d-2BL.2	91.186	295	25	1	1	295	36	329	0.0	555
AetAOX1d	TuAOX1d.2	90.169	295	28	1	1	295	110	403	0.0	553
AetAOX1d	ne.TaAOX1d-2DL	90.508	295	26	2	1	295	36	328	0.0	550
AetAOX1d	TaAOX1d-2AL.1	89.831	295	29	1	1	295	1	294	0.0	548
AetAOX1d	TaAOX1a-2AL.sv1	69.930	286	85	1	11	295	43	328	5.09e-157	432
AetAOX1d	TaAOX1c-6BL.sv2	75.581	258	63	0	38	295	155	412	9.99e-156	432
AetAOX1d	TaAOX1c-6BL.sv3	75.581	258	63	0	38	295	174	431	1.13e-155	433
AetAOX1d	TaAOX1c-6BL.sv1	75.581	258	63	0	38	295	174	431	1.13e-155	433
AetAOX1d	TaAOX1a-2AL.sv2	70.280	286	76	3	11	295	43	320	6.72e-155	427
AetAOX1d	TaAOX1a-2DL.sv2	73.507	268	69	2	30	295	27	294	5.08e-154	424
AetAOX1d	TaAOX1a-2DL.sv1	74.419	258	65	1	39	295	79	336	1.66e-152	422
AetAOX1d	TaAOX1c-6DL	74.708	257	65	0	39	295	139	395	2.97e-152	423
AetAOX1d	TaAOX1c-6AL	75.097	257	63	1	40	295	141	397	4.93e-152	422
AetAOX1d	TaAOX1a-2BL	70.280	286	84	1	11	295	172	457	9.23e-152	424
AetAOX1d	AetAOX1e	71.206	257	74	0	39	295	109	365	1.58e-142	397
AetAOX1d	TuAOX1c	76.991	226	52	0	70	295	209	434	1.40e-137	387
AetAOX1d	put.TaAOX1e-3DS	68.093	257	82	0	39	295	6	262	7.09e-136	377
AetAOX1d	AetAOX1a	78.431	204	44	0	92	295	1	204	1.90e-124	345
AetAOX1d	TuAOX1a	78.431	204	44	0	92	295	1	204	1.90e-124	345
AetAOX1d	AetAOX1d-like	57.622	328	29	5	12	295	28	289	1.22e-120	339
AetAOX1d	put.TaAOX1d-like-4AS	71.560	218	26	3	1	218	1	182	1.78e-108	304
AetAOX1d	TaAOX1a-like-2DL	83.537	164	27	0	132	295	1	164	6.98e-104	292
AetAOX1d	regTaAOX-3B	54.962	131	35	1	165	295	1	107	1.32e-45	141
AetAOX1d	regTaAOX-4BL.sv4	58.824	68	27	1	49	115	13	80	3.38e-27	94.0
AetAOX1d	regTaAOX-4BL.sv4	27.273	33	24	0	7	39	76	108	6.2	18.1
AetAOX1d	regTaAOX-4BL.sv1	58.824	68	27	1	49	115	13	80	3.38e-27	94.0
AetAOX1d	regTaAOX-4BL.sv1	27.273	33	24	0	7	39	76	108	6.2	18.1
AetAOX1d	regTaAOX-4BL.sv2	59.091	66	26	1	49	113	13	78	6.82e-27	92.4
AetAOX1d	regTaAOX-4BL.sv3	54.167	72	26	2	49	113	13	84	1.65e-24	86.3
AetAOX1d	put.regTaAOX-3B	60.465	43	17	0	71	113	2	44	2.10e-17	67.4
AetAOX1d-like	AetAOX1d-like	100.000	289	0	0	1	289	1	289	0.0	593
AetAOX1d-like	ne.TaAOX1d-2DL	65.860	372	0	4	1	289	1	328	2.67e-158	436
AetAOX1d-like	ne.TaAOX1d-2BL.2	62.466	373	12	4	1	289	1	329	3.26e-148	410
AetAOX1d-like	ne.AesAOX1d	60.695	374	18	5	1	289	1	330	1.96e-144	400
AetAOX1d-like	TaAOX1d-2AL.2.sv2	59.091	374	24	5	1	289	1	330	1.32e-140	391
AetAOX1d-like	TaAOX1d-2AL.2.sv1	59.091	374	24	5	1	289	1	330	1.32e-140	391
AetAOX1d-like	ne.TaAOX1d-2BL.1	58.824	374	25	5	1	289	1	330	1.06e-138	386
AetAOX1d-like	TaAOX1d-2DL	58.919	370	23	5	5	289	1	326	2.50e-137	382
AetAOX1d-like	TuAOX1d.2	60.056	358	30	4	1	289	90	403	1.12e-133	376
AetAOX1d-like	TaAOX1d-2AL.1	59.633	327	23	3	28	289	12	294	9.23e-126	352
AetAOX1d-like	TuAOX1d.1	57.927	328	28	4	28	289	12	295	4.35e-123	345
AetAOX1d-like	AetAOX1d	57.927	328	28	4	28	289	12	295	8.76e-123	344
AetAOX1d-like	TaAOX1a-2AL.sv2	44.628	363	84	7	1	289	1	320	2.72e-93	270
AetAOX1d-like	TaAOX1a-2DL.sv2	45.480	354	68	6	1	289	1	294	3.75e-93	269
AetAOX1d-like	TaAOX1a-2AL.sv1	44.474	371	81	7	1	289	1	328	1.83e-92	268
AetAOX1d-like	TaAOX1c-6BL.sv2	42.779	367	85	5	4	289	90	412	5.61e-89	263
AetAOX1d-like	TaAOX1a-2BL	42.782	381	74	7	1	289	129	457	7.25e-89	263
AetAOX1d-like	TaAOX1a-2DL.sv1	41.902	389	73	7	1	289	1	336	7.78e-89	259
AetAOX1d-like	TaAOX1c-6BL.sv3	40.933	386	84	5	4	289	90	431	1.32e-88	262
AetAOX1d-like	TaAOX1c-6BL.sv1	40.933	386	84	5	4	289	90	431	1.32e-88	262
AetAOX1d-like	TaAOX1c-6DL	40.874	389	86	5	1	289	51	395	1.66e-88	261
AetAOX1d-like	TaAOX1c-6AL	52.697	241	49	2	114	289	157	397	1.72e-85	253
AetAOX1d-like	TuAOX1c	51.770	226	44	2	129	289	209	434	1.24e-77	234
AetAOX1d-like	TuAOX1c	35.484	31	18	1	13	41	30	60	0.50	21.9
AetAOX1d-like	AetAOX1e	51.037	241	53	2	114	289	125	365	2.14e-77	231
AetAOX1d-like	put.TaAOX1e-3DS	49.378	241	57	2	114	289	22	262	2.42e-73	218
AetAOX1d-like	put.TaAOX1d-like-4AS	48.996	249	33	3	30	262	13	183	5.35e-71	209
AetAOX1d-like	AetAOX1a	52.970	202	30	2	153	289	3	204	8.70e-67	199
AetAOX1d-like	TuAOX1a	52.970	202	30	2	153	289	3	204	8.70e-67	199
AetAOX1d-like	TaAOX1a-like-2DL	53.049	164	12	2	191	289	1	164	5.68e-50	154
AetAOX1d-like	regTaAOX-4BL.sv4	51.613	62	30	0	113	174	19	80	7.33e-21	77.0
AetAOX1d-like	regTaAOX-4BL.sv4	54.902	51	22	1	61	110	10	60	3.25e-16	64.3
AetAOX1d-like	regTaAOX-4BL.sv1	51.613	62	30	0	113	174	19	80	7.33e-21	77.0
AetAOX1d-like	regTaAOX-4BL.sv1	54.902	51	22	1	61	110	10	60	3.25e-16	64.3
AetAOX1d-like	regTaAOX-4BL.sv2	51.667	60	29	0	113	172	19	78	1.03e-20	75.9
AetAOX1d-like	regTaAOX-4BL.sv2	54.902	51	22	1	61	110	10	60	2.31e-16	63.9
AetAOX1d-like	regTaAOX-4BL.sv3	46.970	66	29	1	113	172	19	84	2.86e-18	69.3
AetAOX1d-like	regTaAOX-4BL.sv3	49.123	57	22	2	61	110	10	66	4.05e-14	58.2
AetAOX1d-like	put.regTaAOX-3B	53.488	43	20	0	130	172	2	44	2.23e-14	58.9
AetAOX1d-like	put.regTaAOX-3B	56.000	25	11	0	86	110	2	26	4.50e-07	38.5
AetAOX1d-like	regTaAOX-3B	37.383	107	26	3	224	289	1	107	2.56e-14	58.9
AetAOX1d-like	put.regTaAOX-6BL	68.750	16	5	0	1	16	9	24	0.031	25.0
ne.AesAOX1d	ne.AesAOX1d	100.000	331	0	0	1	331	1	331	0.0	678
ne.AesAOX1d	ne.TaAOX1d-2BL.1	97.583	331	8	0	1	331	1	331	0.0	662
ne.AesAOX1d	TaAOX1d-2AL.2.sv2	96.667	330	11	0	1	330	1	330	0.0	660
ne.AesAOX1d	TaAOX1d-2AL.2.sv1	96.667	330	11	0	1	330	1	330	0.0	660
ne.AesAOX1d	TaAOX1d-2DL	97.546	326	8	0	5	330	1	326	0.0	654
ne.AesAOX1d	ne.TaAOX1d-2BL.2	92.749	331	23	1	1	331	1	330	0.0	625
ne.AesAOX1d	ne.TaAOX1d-2DL	92.749	331	22	2	1	331	1	329	0.0	622
ne.AesAOX1d	AetAOX1d	97.288	295	8	0	36	330	1	295	0.0	598
ne.AesAOX1d	TuAOX1d.1	96.610	295	10	0	36	330	1	295	0.0	595
ne.AesAOX1d	TuAOX1d.2	86.970	330	27	2	1	330	90	403	0.0	582
ne.AesAOX1d	TaAOX1d-2AL.1	89.831	295	29	1	36	330	1	294	0.0	550
ne.AesAOX1d	TaAOX1a-2AL.sv1	67.066	334	100	4	1	330	1	328	5.52e-164	452
ne.AesAOX1d	TaAOX1a-2AL.sv2	67.066	334	92	5	1	330	1	320	1.45e-161	445
ne.AesAOX1d	TaAOX1c-6BL.sv3	64.035	342	108	2	4	330	90	431	1.03e-160	447
ne.AesAOX1d	TaAOX1c-6BL.sv1	64.035	342	108	2	4	330	90	431	1.03e-160	447
ne.AesAOX1d	TaAOX1c-6BL.sv2	65.443	327	109	1	4	330	90	412	2.93e-160	446
ne.AesAOX1d	TaAOX1c-6DL	64.348	345	108	2	1	330	51	395	3.84e-158	439
ne.AesAOX1d	TaAOX1a-2DL.sv2	65.257	331	77	4	1	330	1	294	3.93e-158	436
ne.AesAOX1d	TaAOX1c-6AL	63.663	344	108	2	4	330	54	397	6.81e-158	439
ne.AesAOX1d	TaAOX1a-2BL	67.066	334	101	4	1	330	129	457	1.03e-157	441
ne.AesAOX1d	TaAOX1a-2DL.sv1	63.173	353	90	7	1	330	1	336	1.65e-157	436
ne.AesAOX1d	AetAOX1e	64.839	310	103	3	23	330	60	365	2.60e-143	401
ne.AesAOX1d	AetAOX1d-like	60.160	374	20	7	1	330	1	289	1.69e-140	391
ne.AesAOX1d	TuAOX1c	77.434	226	51	0	105	330	209	434	8.61e-138	389
ne.AesAOX1d	put.TaAOX1e-3DS	68.872	257	80	0	74	330	6	262	1.61e-136	380
ne.AesAOX1d	AetAOX1a	78.922	204	43	0	127	330	1	204	8.89e-125	348
ne.AesAOX1d	TuAOX1a	78.922	204	43	0	127	330	1	204	8.89e-125	348
ne.AesAOX1d	put.TaAOX1d-like-4AS	72.018	218	25	3	36	253	1	182	6.70e-108	304
ne.AesAOX1d	TaAOX1a-like-2DL	84.146	164	26	0	167	330	1	164	4.22e-104	294
ne.AesAOX1d	regTaAOX-3B	55.725	131	34	1	200	330	1	107	9.69e-46	143
ne.AesAOX1d	regTaAOX-4BL.sv4	60.294	68	26	1	84	150	13	80	1.37e-27	95.5
ne.AesAOX1d	regTaAOX-4BL.sv1	60.294	68	26	1	84	150	13	80	1.37e-27	95.5
ne.AesAOX1d	regTaAOX-4BL.sv2	60.606	66	25	1	84	148	13	78	3.22e-27	94.0
ne.AesAOX1d	regTaAOX-4BL.sv3	55.556	72	25	2	84	148	13	84	6.25e-25	87.8
ne.AesAOX1d	put.regTaAOX-3B	60.465	43	17	0	106	148	2	44	1.63e-17	68.2
ne.AesAOX1d	put.regTaAOX-6BL	39.683	63	16	3	1	53	9	59	0.002	28.9
