TaAOX1a-2AL.sv1	TaAOX1a-2AL.sv1	100.000	1456	0	0	1	1456	1	1456	0.0	2689
TaAOX1a-2AL.sv1	TaAOX1a-2AL.sv2	98.352	1456	0	1	1	1456	1	1432	0.0	2534
TaAOX1a-2AL.sv1	TaAOX1a-2BL	94.640	1474	56	15	1	1456	580	2048	0.0	2263
TaAOX1a-2AL.sv1	TaAOX1a-2DL.sv1	94.762	1470	45	5	2	1442	1	1467	0.0	2259
TaAOX1a-2AL.sv1	TaAOX1a-2DL.sv2	97.699	1130	25	1	314	1442	212	1341	0.0	1941
TaAOX1a-2AL.sv1	TaAOX1a-2DL.sv2	89.954	219	15	3	2	216	1	216	4.23e-76	276
TaAOX1a-2AL.sv1	TaAOX1a-like-2DL	90.502	1095	98	3	363	1454	281	1372	0.0	1441
TaAOX1a-2AL.sv1	TuAOX1a	98.374	615	10	0	501	1115	1	615	0.0	1081
TaAOX1a-2AL.sv1	AetAOX1a	98.211	615	11	0	501	1115	1	615	0.0	1075
TaAOX1a-2AL.sv1	TaAOX1c-6BL.sv3	87.143	700	85	5	360	1058	642	1337	0.0	789
TaAOX1a-2AL.sv1	TaAOX1c-6BL.sv2	87.143	700	85	5	360	1058	585	1280	0.0	789
TaAOX1a-2AL.sv1	TaAOX1c-6BL.sv1	87.143	700	85	5	360	1058	642	1337	0.0	789
TaAOX1a-2AL.sv1	TaAOX1c-6DL	87.000	700	86	5	360	1058	595	1290	0.0	784
TaAOX1a-2AL.sv1	TaAOX1c-6AL	86.143	700	92	5	360	1058	678	1373	0.0	750
TaAOX1a-2AL.sv1	AetAOX1d	81.963	754	131	4	363	1115	139	888	0.0	634
TaAOX1a-2AL.sv1	TaAOX1d-2DL	81.963	754	131	4	363	1115	379	1128	0.0	634
TaAOX1a-2AL.sv1	AetAOX1e	82.591	718	117	6	402	1115	385	1098	0.0	627
TaAOX1a-2AL.sv1	regTaAOX-4BL.sv4	87.478	567	40	9	5	566	326	866	0.0	625
TaAOX1a-2AL.sv1	regTaAOX-4BL.sv2	87.478	567	40	9	5	566	326	866	0.0	625
TaAOX1a-2AL.sv1	regTaAOX-4BL.sv1	87.478	567	40	9	5	566	326	866	0.0	625
TaAOX1a-2AL.sv1	TuAOX1d.2	81.698	754	133	4	363	1115	463	1212	1.31e-180	623
TaAOX1a-2AL.sv1	TaAOX1d-2AL.1	81.275	753	138	2	363	1115	154	903	1.32e-175	606
TaAOX1a-2AL.sv1	TuAOX1d.1	81.192	755	135	6	363	1115	139	888	6.15e-174	601
TaAOX1a-2AL.sv1	TaAOX1d-2AL.2.sv2	81.192	755	135	6	363	1115	380	1129	6.15e-174	601
TaAOX1a-2AL.sv1	TaAOX1d-2AL.2.sv1	81.192	755	135	6	363	1115	385	1134	6.15e-174	601
TaAOX1a-2AL.sv1	regTaAOX-4BL.sv3	84.786	585	40	10	5	566	326	884	3.78e-156	542
TaAOX1a-2AL.sv1	regTaAOX-3B	86.897	290	38	0	651	940	850	1139	4.14e-91	326
TaAOX1a-2AL.sv1	AetAOX1d-like	79.651	344	68	2	402	744	352	694	3.32e-67	246
TaAOX1a-2AL.sv2	TaAOX1a-2AL.sv2	100.000	1432	0	0	1	1432	1	1432	0.0	2645
TaAOX1a-2AL.sv2	TaAOX1a-2AL.sv1	98.352	1456	0	1	1	1432	1	1456	0.0	2534
TaAOX1a-2AL.sv2	TaAOX1a-2BL	93.148	1474	54	16	1	1432	580	2048	0.0	2119
TaAOX1a-2AL.sv2	TaAOX1a-2DL.sv1	97.535	1136	27	1	284	1418	332	1467	0.0	1941
TaAOX1a-2AL.sv2	TaAOX1a-2DL.sv1	91.586	309	19	3	2	306	1	306	1.82e-119	420
TaAOX1a-2AL.sv2	TaAOX1a-2DL.sv2	97.691	1126	25	1	294	1418	216	1341	0.0	1934
TaAOX1a-2AL.sv2	TaAOX1a-2DL.sv2	89.954	219	15	3	2	216	1	216	4.16e-76	276
TaAOX1a-2AL.sv2	TaAOX1a-like-2DL	90.502	1095	98	3	339	1430	281	1372	0.0	1441
TaAOX1a-2AL.sv2	TuAOX1a	98.374	615	10	0	477	1091	1	615	0.0	1081
TaAOX1a-2AL.sv2	AetAOX1a	98.211	615	11	0	477	1091	1	615	0.0	1075
TaAOX1a-2AL.sv2	TaAOX1c-6BL.sv3	87.143	700	85	5	336	1034	642	1337	0.0	789
TaAOX1a-2AL.sv2	TaAOX1c-6BL.sv2	87.143	700	85	5	336	1034	585	1280	0.0	789
TaAOX1a-2AL.sv2	TaAOX1c-6BL.sv1	87.143	700	85	5	336	1034	642	1337	0.0	789
TaAOX1a-2AL.sv2	TaAOX1c-6DL	87.000	700	86	5	336	1034	595	1290	0.0	784
TaAOX1a-2AL.sv2	TaAOX1c-6AL	86.143	700	92	5	336	1034	678	1373	0.0	750
TaAOX1a-2AL.sv2	regTaAOX-4BL.sv4	89.744	546	43	6	5	542	326	866	0.0	686
TaAOX1a-2AL.sv2	regTaAOX-4BL.sv2	89.744	546	43	6	5	542	326	866	0.0	686
TaAOX1a-2AL.sv2	regTaAOX-4BL.sv1	89.744	546	43	6	5	542	326	866	0.0	686
TaAOX1a-2AL.sv2	AetAOX1d	81.963	754	131	4	339	1091	139	888	0.0	634
TaAOX1a-2AL.sv2	TaAOX1d-2DL	81.963	754	131	4	339	1091	379	1128	0.0	634
TaAOX1a-2AL.sv2	AetAOX1e	82.591	718	117	6	378	1091	385	1098	0.0	627
TaAOX1a-2AL.sv2	TuAOX1d.2	81.698	754	133	4	339	1091	463	1212	1.29e-180	623
TaAOX1a-2AL.sv2	TaAOX1d-2AL.1	81.275	753	138	2	339	1091	154	903	1.30e-175	606
TaAOX1a-2AL.sv2	regTaAOX-4BL.sv3	86.879	564	43	12	5	542	326	884	1.68e-174	603
TaAOX1a-2AL.sv2	TuAOX1d.1	81.192	755	135	6	339	1091	139	888	6.05e-174	601
TaAOX1a-2AL.sv2	TaAOX1d-2AL.2.sv2	81.192	755	135	6	339	1091	380	1129	6.05e-174	601
TaAOX1a-2AL.sv2	TaAOX1d-2AL.2.sv1	81.192	755	135	6	339	1091	385	1134	6.05e-174	601
TaAOX1a-2AL.sv2	regTaAOX-3B	86.897	290	38	0	627	916	850	1139	4.07e-91	326
TaAOX1a-2AL.sv2	AetAOX1d-like	79.651	344	68	2	378	720	352	694	3.26e-67	246
TaAOX1a-2BL	TaAOX1a-2BL	100.000	2102	0	0	1	2102	1	2102	0.0	3882
TaAOX1a-2BL	TaAOX1a-2AL.sv1	94.640	1474	56	15	580	2048	1	1456	0.0	2263
TaAOX1a-2BL	TaAOX1a-2DL.sv1	93.266	1485	51	16	581	2034	1	1467	0.0	2143
TaAOX1a-2BL	TaAOX1a-2AL.sv2	93.148	1474	54	16	580	2048	1	1432	0.0	2119
TaAOX1a-2BL	TaAOX1a-2DL.sv2	97.171	1131	27	4	908	2034	212	1341	0.0	1906
TaAOX1a-2BL	TaAOX1a-2DL.sv2	85.909	220	14	10	581	797	1	206	1.05e-58	219
TaAOX1a-2BL	TaAOX1a-like-2DL	89.872	1096	101	4	957	2046	281	1372	0.0	1400
TaAOX1a-2BL	AetAOX1a	98.537	615	9	0	1095	1709	1	615	0.0	1086
TaAOX1a-2BL	TuAOX1a	98.211	615	11	0	1095	1709	1	615	0.0	1075
TaAOX1a-2BL	TaAOX1c-6BL.sv3	87.268	699	86	3	954	1652	642	1337	0.0	795
TaAOX1a-2BL	TaAOX1c-6BL.sv2	87.268	699	86	3	954	1652	585	1280	0.0	795
TaAOX1a-2BL	TaAOX1c-6BL.sv1	87.268	699	86	3	954	1652	642	1337	0.0	795
TaAOX1a-2BL	TaAOX1c-6DL	86.838	699	89	3	954	1652	595	1290	0.0	778
TaAOX1a-2BL	TaAOX1c-6AL	86.123	699	94	3	954	1652	678	1373	0.0	750
TaAOX1a-2BL	AetAOX1d	81.963	754	131	4	957	1709	139	888	0.0	634
TaAOX1a-2BL	TaAOX1d-2DL	81.963	754	131	4	957	1709	379	1128	0.0	634
TaAOX1a-2BL	AetAOX1e	82.451	718	118	6	996	1709	385	1098	6.84e-180	621
TaAOX1a-2BL	TuAOX1d.2	81.432	754	135	4	957	1709	463	1212	4.12e-177	612
TaAOX1a-2BL	TuAOX1d.1	81.325	755	134	6	957	1709	139	888	1.92e-175	606
TaAOX1a-2BL	TaAOX1d-2AL.2.sv2	81.325	755	134	6	957	1709	380	1129	1.92e-175	606
TaAOX1a-2BL	TaAOX1d-2AL.2.sv1	81.325	755	134	6	957	1709	385	1134	1.92e-175	606
TaAOX1a-2BL	TaAOX1d-2AL.1	81.142	753	139	2	957	1709	154	903	8.91e-174	601
TaAOX1a-2BL	regTaAOX-4BL.sv4	86.231	581	36	20	584	1160	326	866	1.93e-170	590
TaAOX1a-2BL	regTaAOX-4BL.sv2	86.231	581	36	20	584	1160	326	866	1.93e-170	590
TaAOX1a-2BL	regTaAOX-4BL.sv1	86.231	581	36	20	584	1160	326	866	1.93e-170	590
TaAOX1a-2BL	regTaAOX-4BL.sv3	83.639	599	36	26	584	1160	326	884	2.00e-145	507
TaAOX1a-2BL	regTaAOX-3B	86.395	294	40	0	1245	1538	850	1143	7.77e-90	322
TaAOX1a-2BL	AetAOX1d-like	78.779	344	71	2	996	1338	352	694	4.84e-62	230
TaAOX1a-2DL.sv1	TaAOX1a-2DL.sv1	100.000	1467	0	0	1	1467	1	1467	0.0	2710
TaAOX1a-2DL.sv1	TaAOX1a-2AL.sv1	94.762	1470	45	5	1	1467	2	1442	0.0	2259
TaAOX1a-2DL.sv1	TaAOX1a-2BL	93.266	1485	51	16	1	1467	581	2034	0.0	2143
TaAOX1a-2DL.sv1	TaAOX1a-2DL.sv2	100.000	1130	0	0	338	1467	212	1341	0.0	2087
TaAOX1a-2DL.sv1	TaAOX1a-2DL.sv2	100.000	216	0	0	1	216	1	216	2.43e-113	399
TaAOX1a-2DL.sv1	TaAOX1a-2AL.sv2	97.535	1136	27	1	332	1467	284	1418	0.0	1941
TaAOX1a-2DL.sv1	TaAOX1a-2AL.sv2	91.586	309	19	3	1	306	2	306	1.86e-119	420
TaAOX1a-2DL.sv1	TaAOX1a-like-2DL	90.406	1084	97	4	387	1467	281	1360	0.0	1419
TaAOX1a-2DL.sv1	AetAOX1a	100.000	615	0	0	525	1139	1	615	0.0	1136
TaAOX1a-2DL.sv1	TuAOX1a	98.537	615	9	0	525	1139	1	615	0.0	1086
TaAOX1a-2DL.sv1	TaAOX1c-6BL.sv3	86.376	756	100	3	384	1139	642	1394	0.0	822
TaAOX1a-2DL.sv1	TaAOX1c-6BL.sv2	86.376	756	100	3	384	1139	585	1337	0.0	822
TaAOX1a-2DL.sv1	TaAOX1c-6BL.sv1	86.376	756	100	3	384	1139	642	1394	0.0	822
TaAOX1a-2DL.sv1	TaAOX1c-6DL	85.979	756	103	3	384	1139	595	1347	0.0	806
TaAOX1a-2DL.sv1	TaAOX1c-6AL	85.185	756	109	3	384	1139	678	1430	0.0	773
TaAOX1a-2DL.sv1	AetAOX1d	82.626	754	126	4	387	1139	139	888	0.0	662
TaAOX1a-2DL.sv1	TaAOX1d-2DL	82.626	754	126	4	387	1139	379	1128	0.0	662
TaAOX1a-2DL.sv1	AetAOX1e	83.866	657	106	0	426	1082	385	1041	0.0	627
TaAOX1a-2DL.sv1	TuAOX1d.2	81.698	754	133	4	387	1139	463	1212	1.32e-180	623
TaAOX1a-2DL.sv1	TuAOX1d.1	81.457	755	133	6	387	1139	139	888	2.86e-177	612
TaAOX1a-2DL.sv1	TaAOX1d-2AL.2.sv2	81.457	755	133	6	387	1139	380	1129	2.86e-177	612
TaAOX1a-2DL.sv1	TaAOX1d-2AL.2.sv1	81.457	755	133	6	387	1139	385	1134	2.86e-177	612
TaAOX1a-2DL.sv1	TaAOX1d-2AL.1	81.408	753	137	2	387	1139	154	903	2.86e-177	612
TaAOX1a-2DL.sv1	regTaAOX-4BL.sv4	94.697	264	13	1	328	590	603	866	4.03e-116	409
TaAOX1a-2DL.sv1	regTaAOX-4BL.sv4	86.842	304	32	5	11	306	326	629	2.50e-93	333
TaAOX1a-2DL.sv1	regTaAOX-4BL.sv2	94.697	264	13	1	328	590	603	866	4.03e-116	409
TaAOX1a-2DL.sv1	regTaAOX-4BL.sv2	86.842	304	32	5	11	306	326	629	2.50e-93	333
TaAOX1a-2DL.sv1	regTaAOX-4BL.sv1	94.697	264	13	1	328	590	603	866	4.03e-116	409
TaAOX1a-2DL.sv1	regTaAOX-4BL.sv1	86.842	304	32	5	11	306	326	629	2.50e-93	333
TaAOX1a-2DL.sv1	regTaAOX-3B	87.075	294	38	0	675	968	850	1143	2.50e-93	333
TaAOX1a-2DL.sv1	regTaAOX-4BL.sv3	86.842	304	32	5	11	306	326	629	2.50e-93	333
TaAOX1a-2DL.sv1	regTaAOX-4BL.sv3	88.652	282	13	2	328	590	603	884	4.18e-91	326
TaAOX1a-2DL.sv1	AetAOX1d-like	79.651	344	68	2	426	768	352	694	3.34e-67	246
TaAOX1a-2DL.sv2	TaAOX1a-2DL.sv2	100.000	1341	0	0	1	1341	1	1341	0.0	2477
TaAOX1a-2DL.sv2	TaAOX1a-2DL.sv1	100.000	1130	0	0	212	1341	338	1467	0.0	2087
TaAOX1a-2DL.sv2	TaAOX1a-2DL.sv1	100.000	216	0	0	1	216	1	216	2.21e-113	399
TaAOX1a-2DL.sv2	TaAOX1a-2AL.sv1	97.699	1130	25	1	212	1341	314	1442	0.0	1941
TaAOX1a-2DL.sv2	TaAOX1a-2AL.sv1	89.954	219	15	3	1	216	2	216	3.89e-76	276
TaAOX1a-2DL.sv2	TaAOX1a-2AL.sv2	97.691	1126	25	1	216	1341	294	1418	0.0	1934
TaAOX1a-2DL.sv2	TaAOX1a-2AL.sv2	89.954	219	15	3	1	216	2	216	3.89e-76	276
TaAOX1a-2DL.sv2	TaAOX1a-2BL	97.171	1131	27	4	212	1341	908	2034	0.0	1906
TaAOX1a-2DL.sv2	TaAOX1a-2BL	85.909	220	14	10	1	206	581	797	6.66e-59	219
TaAOX1a-2DL.sv2	TaAOX1a-like-2DL	90.406	1084	97	4	261	1341	281	1360	0.0	1419
TaAOX1a-2DL.sv2	AetAOX1a	100.000	615	0	0	399	1013	1	615	0.0	1136
TaAOX1a-2DL.sv2	TuAOX1a	98.537	615	9	0	399	1013	1	615	0.0	1086
TaAOX1a-2DL.sv2	TaAOX1c-6BL.sv3	86.376	756	100	3	258	1013	642	1394	0.0	822
TaAOX1a-2DL.sv2	TaAOX1c-6BL.sv2	86.376	756	100	3	258	1013	585	1337	0.0	822
TaAOX1a-2DL.sv2	TaAOX1c-6BL.sv1	86.376	756	100	3	258	1013	642	1394	0.0	822
TaAOX1a-2DL.sv2	TaAOX1c-6DL	85.979	756	103	3	258	1013	595	1347	0.0	806
TaAOX1a-2DL.sv2	TaAOX1c-6AL	85.185	756	109	3	258	1013	678	1430	0.0	773
TaAOX1a-2DL.sv2	AetAOX1d	82.626	754	126	4	261	1013	139	888	0.0	662
TaAOX1a-2DL.sv2	TaAOX1d-2DL	82.626	754	126	4	261	1013	379	1128	0.0	662
TaAOX1a-2DL.sv2	AetAOX1e	83.866	657	106	0	300	956	385	1041	0.0	627
TaAOX1a-2DL.sv2	TuAOX1d.2	81.698	754	133	4	261	1013	463	1212	1.21e-180	623
TaAOX1a-2DL.sv2	TuAOX1d.1	81.457	755	133	6	261	1013	139	888	2.61e-177	612
TaAOX1a-2DL.sv2	TaAOX1d-2AL.2.sv2	81.457	755	133	6	261	1013	380	1129	2.61e-177	612
TaAOX1a-2DL.sv2	TaAOX1d-2AL.2.sv1	81.457	755	133	6	261	1013	385	1134	2.61e-177	612
TaAOX1a-2DL.sv2	TaAOX1d-2AL.1	81.408	753	137	2	261	1013	154	903	2.61e-177	612
TaAOX1a-2DL.sv2	regTaAOX-4BL.sv4	94.882	254	12	1	212	464	613	866	2.87e-112	396
TaAOX1a-2DL.sv2	regTaAOX-4BL.sv4	92.308	195	13	2	11	203	326	520	3.89e-76	276
TaAOX1a-2DL.sv2	regTaAOX-4BL.sv2	94.882	254	12	1	212	464	613	866	2.87e-112	396
TaAOX1a-2DL.sv2	regTaAOX-4BL.sv2	92.308	195	13	2	11	203	326	520	3.89e-76	276
TaAOX1a-2DL.sv2	regTaAOX-4BL.sv1	94.882	254	12	1	212	464	613	866	2.87e-112	396
TaAOX1a-2DL.sv2	regTaAOX-4BL.sv1	92.308	195	13	2	11	203	326	520	3.89e-76	276
TaAOX1a-2DL.sv2	regTaAOX-3B	87.075	294	38	0	549	842	850	1143	2.28e-93	333
TaAOX1a-2DL.sv2	regTaAOX-4BL.sv3	88.603	272	12	2	212	464	613	884	2.97e-87	313
TaAOX1a-2DL.sv2	regTaAOX-4BL.sv3	92.308	195	13	2	11	203	326	520	3.89e-76	276
TaAOX1a-2DL.sv2	AetAOX1d-like	79.651	344	68	2	300	642	352	694	3.05e-67	246
TaAOX1a-like-2DL	TaAOX1a-like-2DL	100.000	1372	0	0	1	1372	1	1372	0.0	2534
TaAOX1a-like-2DL	TaAOX1a-2AL.sv2	90.502	1095	98	3	281	1372	339	1430	0.0	1441
TaAOX1a-like-2DL	TaAOX1a-2AL.sv1	90.502	1095	98	3	281	1372	363	1454	0.0	1441
TaAOX1a-like-2DL	TaAOX1a-2DL.sv2	90.406	1084	97	4	281	1360	261	1341	0.0	1419
TaAOX1a-like-2DL	TaAOX1a-2DL.sv1	90.406	1084	97	4	281	1360	387	1467	0.0	1419
TaAOX1a-like-2DL	TaAOX1a-2BL	89.872	1096	101	4	281	1372	957	2046	0.0	1400
TaAOX1a-like-2DL	AetAOX1d	88.466	841	92	5	194	1030	49	888	0.0	1011
TaAOX1a-like-2DL	TuAOX1d.1	88.242	842	92	7	194	1030	49	888	0.0	1000
TaAOX1a-like-2DL	TaAOX1d-2DL	88.228	841	94	5	194	1030	289	1128	0.0	1000
TaAOX1a-like-2DL	TaAOX1d-2AL.2.sv2	88.124	842	93	7	194	1030	290	1129	0.0	994
TaAOX1a-like-2DL	TaAOX1d-2AL.2.sv1	88.124	842	93	7	194	1030	295	1134	0.0	994
TaAOX1a-like-2DL	TuAOX1d.2	87.947	838	99	2	194	1030	376	1212	0.0	987
TaAOX1a-like-2DL	TaAOX1d-2AL.1	87.575	837	104	0	194	1030	67	903	0.0	970
TaAOX1a-like-2DL	AetAOX1a	92.453	583	44	0	448	1030	33	615	0.0	833
TaAOX1a-like-2DL	TuAOX1a	91.938	583	47	0	448	1030	33	615	0.0	817
TaAOX1a-like-2DL	TaAOX1c-6BL.sv3	83.718	694	111	2	281	973	645	1337	0.0	654
TaAOX1a-like-2DL	TaAOX1c-6BL.sv2	83.718	694	111	2	281	973	588	1280	0.0	654
TaAOX1a-like-2DL	TaAOX1c-6BL.sv1	83.718	694	111	2	281	973	645	1337	0.0	654
TaAOX1a-like-2DL	TaAOX1c-6DL	83.573	694	112	2	281	973	598	1290	0.0	649
TaAOX1a-like-2DL	AetAOX1e	80.339	768	123	21	277	1030	345	1098	1.27e-160	556
TaAOX1a-like-2DL	AetAOX1d-like	93.370	362	24	0	298	659	333	694	1.66e-154	536
TaAOX1a-like-2DL	AetAOX1d-like	91.892	222	18	0	206	427	109	330	1.09e-86	311
TaAOX1a-like-2DL	regTaAOX-3B	86.207	290	40	0	566	855	850	1139	8.45e-88	315
regTaAOX-4BL.sv1	regTaAOX-4BL.sv1	100.000	1571	0	0	1	1571	1	1571	0.0	2902
regTaAOX-4BL.sv1	regTaAOX-4BL.sv4	99.921	1271	0	1	1	1271	1	1270	0.0	2340
regTaAOX-4BL.sv1	regTaAOX-4BL.sv4	99.065	321	1	2	1251	1571	2956	3274	4.02e-166	575
regTaAOX-4BL.sv1	regTaAOX-4BL.sv2	100.000	870	0	0	1	870	1	870	0.0	1607
regTaAOX-4BL.sv1	regTaAOX-4BL.sv2	99.065	321	1	2	1251	1571	2840	3158	4.02e-166	575
regTaAOX-4BL.sv1	regTaAOX-4BL.sv2	99.654	289	0	1	983	1271	867	1154	1.14e-151	527
regTaAOX-4BL.sv1	regTaAOX-4BL.sv3	97.973	888	0	1	1	870	1	888	0.0	1524
regTaAOX-4BL.sv1	regTaAOX-4BL.sv3	99.065	321	1	2	1251	1571	2858	3176	4.02e-166	575
regTaAOX-4BL.sv1	regTaAOX-4BL.sv3	99.654	289	0	1	983	1271	885	1172	1.14e-151	527
regTaAOX-4BL.sv1	TaAOX1a-2AL.sv2	89.744	546	43	6	326	866	5	542	0.0	686
regTaAOX-4BL.sv1	TaAOX1a-2AL.sv1	87.478	567	40	9	326	866	5	566	0.0	625
regTaAOX-4BL.sv1	TaAOX1a-2BL	86.231	581	36	20	326	866	584	1160	1.44e-170	590
regTaAOX-4BL.sv1	TaAOX1a-2DL.sv1	94.697	264	13	1	603	866	328	590	4.32e-116	409
regTaAOX-4BL.sv1	TaAOX1a-2DL.sv1	86.842	304	32	5	326	629	11	306	2.67e-93	333
regTaAOX-4BL.sv1	TaAOX1a-2DL.sv2	94.882	254	12	1	613	866	212	464	3.36e-112	396
regTaAOX-4BL.sv1	TaAOX1a-2DL.sv2	92.308	195	13	2	326	520	11	203	4.57e-76	276
regTaAOX-4BL.sv1	TaAOX1c-6DL	83.254	209	29	6	659	866	595	798	2.20e-49	187
regTaAOX-4BL.sv1	TaAOX1c-6BL.sv3	83.254	209	29	6	659	866	642	845	2.20e-49	187
regTaAOX-4BL.sv1	TaAOX1c-6BL.sv2	83.254	209	29	6	659	866	585	788	2.20e-49	187
regTaAOX-4BL.sv1	TaAOX1c-6BL.sv1	83.254	209	29	6	659	866	642	845	2.20e-49	187
regTaAOX-4BL.sv1	TaAOX1c-6AL	82.297	209	31	6	659	866	678	881	4.77e-46	176
regTaAOX-4BL.sv1	AetAOX1a	98.485	66	1	0	801	866	1	66	2.93e-28	117
regTaAOX-4BL.sv1	TuAOX1a	98.485	66	1	0	801	866	1	66	2.93e-28	117
regTaAOX-4BL.sv2	regTaAOX-4BL.sv2	100.000	3158	0	0	1	3158	1	3158	0.0	5832
regTaAOX-4BL.sv2	regTaAOX-4BL.sv3	99.433	3176	0	1	1	3158	1	3176	0.0	5749
regTaAOX-4BL.sv2	regTaAOX-4BL.sv4	100.000	2292	0	0	867	3158	983	3274	0.0	4233
regTaAOX-4BL.sv2	regTaAOX-4BL.sv4	100.000	870	0	0	1	870	1	870	0.0	1607
regTaAOX-4BL.sv2	regTaAOX-4BL.sv1	100.000	870	0	0	1	870	1	870	0.0	1607
regTaAOX-4BL.sv2	regTaAOX-4BL.sv1	99.065	321	1	2	2840	3158	1251	1571	8.13e-166	575
regTaAOX-4BL.sv2	regTaAOX-4BL.sv1	99.654	289	0	1	867	1154	983	1271	2.31e-151	527
regTaAOX-4BL.sv2	TaAOX1a-2AL.sv2	89.744	546	43	6	326	866	5	542	0.0	686
regTaAOX-4BL.sv2	TaAOX1a-2AL.sv1	87.478	567	40	9	326	866	5	566	0.0	625
regTaAOX-4BL.sv2	TaAOX1a-2BL	86.231	581	36	20	326	866	584	1160	2.90e-170	590
regTaAOX-4BL.sv2	TaAOX1a-2DL.sv1	94.697	264	13	1	603	866	328	590	8.73e-116	409
regTaAOX-4BL.sv2	TaAOX1a-2DL.sv1	86.842	304	32	5	326	629	11	306	5.40e-93	333
regTaAOX-4BL.sv2	TaAOX1a-2DL.sv2	94.882	254	12	1	613	866	212	464	6.79e-112	396
regTaAOX-4BL.sv2	TaAOX1a-2DL.sv2	92.308	195	13	2	326	520	11	203	9.23e-76	276
regTaAOX-4BL.sv2	TaAOX1c-6DL	83.254	209	29	6	659	866	595	798	4.45e-49	187
regTaAOX-4BL.sv2	TaAOX1c-6BL.sv3	83.254	209	29	6	659	866	642	845	4.45e-49	187
regTaAOX-4BL.sv2	TaAOX1c-6BL.sv2	83.254	209	29	6	659	866	585	788	4.45e-49	187
regTaAOX-4BL.sv2	TaAOX1c-6BL.sv1	83.254	209	29	6	659	866	642	845	4.45e-49	187
regTaAOX-4BL.sv2	TaAOX1c-6AL	82.297	209	31	6	659	866	678	881	9.63e-46	176
regTaAOX-4BL.sv2	AetAOX1a	98.485	66	1	0	801	866	1	66	5.92e-28	117
regTaAOX-4BL.sv2	TuAOX1a	98.485	66	1	0	801	866	1	66	5.92e-28	117
regTaAOX-4BL.sv3	regTaAOX-4BL.sv3	100.000	3176	0	0	1	3176	1	3176	0.0	5866
regTaAOX-4BL.sv3	regTaAOX-4BL.sv2	99.433	3176	0	1	1	3176	1	3158	0.0	5749
regTaAOX-4BL.sv3	regTaAOX-4BL.sv4	100.000	2292	0	0	885	3176	983	3274	0.0	4233
regTaAOX-4BL.sv3	regTaAOX-4BL.sv4	97.973	888	0	1	1	888	1	870	0.0	1524
regTaAOX-4BL.sv3	regTaAOX-4BL.sv1	97.973	888	0	1	1	888	1	870	0.0	1524
regTaAOX-4BL.sv3	regTaAOX-4BL.sv1	99.065	321	1	2	2858	3176	1251	1571	8.18e-166	575
regTaAOX-4BL.sv3	regTaAOX-4BL.sv1	99.654	289	0	1	885	1172	983	1271	2.32e-151	527
regTaAOX-4BL.sv3	TaAOX1a-2AL.sv2	86.879	564	43	12	326	884	5	542	3.75e-174	603
regTaAOX-4BL.sv3	TaAOX1a-2AL.sv1	84.786	585	40	16	326	884	5	566	8.29e-156	542
regTaAOX-4BL.sv3	TaAOX1a-2BL	83.639	599	36	26	326	884	584	1160	3.03e-145	507
regTaAOX-4BL.sv3	TaAOX1a-2DL.sv1	86.842	304	32	5	326	629	11	306	5.43e-93	333
regTaAOX-4BL.sv3	TaAOX1a-2DL.sv1	88.652	282	13	2	603	884	328	590	9.09e-91	326
regTaAOX-4BL.sv3	TaAOX1a-2DL.sv2	88.603	272	12	2	613	884	212	464	7.08e-87	313
regTaAOX-4BL.sv3	TaAOX1a-2DL.sv2	92.308	195	13	2	326	520	11	203	9.29e-76	276
regTaAOX-4BL.sv3	AetAOX1a	98.485	66	1	0	819	884	1	66	5.96e-28	117
regTaAOX-4BL.sv3	TuAOX1a	98.485	66	1	0	819	884	1	66	5.96e-28	117
regTaAOX-4BL.sv4	regTaAOX-4BL.sv4	100.000	3274	0	0	1	3274	1	3274	0.0	6047
regTaAOX-4BL.sv4	regTaAOX-4BL.sv3	100.000	2292	0	0	983	3274	885	3176	0.0	4233
regTaAOX-4BL.sv4	regTaAOX-4BL.sv3	97.973	888	0	1	1	870	1	888	0.0	1524
regTaAOX-4BL.sv4	regTaAOX-4BL.sv2	100.000	2292	0	0	983	3274	867	3158	0.0	4233
regTaAOX-4BL.sv4	regTaAOX-4BL.sv2	100.000	870	0	0	1	870	1	870	0.0	1607
regTaAOX-4BL.sv4	regTaAOX-4BL.sv1	99.921	1271	0	1	1	1270	1	1271	0.0	2340
regTaAOX-4BL.sv4	regTaAOX-4BL.sv1	99.065	321	1	2	2956	3274	1251	1571	8.43e-166	575
regTaAOX-4BL.sv4	TaAOX1a-2AL.sv2	89.744	546	43	6	326	866	5	542	0.0	686
regTaAOX-4BL.sv4	TaAOX1a-2AL.sv1	87.478	567	40	9	326	866	5	566	0.0	625
regTaAOX-4BL.sv4	TaAOX1a-2BL	86.231	581	36	20	326	866	584	1160	3.01e-170	590
regTaAOX-4BL.sv4	TaAOX1a-2DL.sv1	94.697	264	13	1	603	866	328	590	9.05e-116	409
regTaAOX-4BL.sv4	TaAOX1a-2DL.sv1	86.842	304	32	5	326	629	11	306	5.60e-93	333
regTaAOX-4BL.sv4	TaAOX1a-2DL.sv2	94.882	254	12	1	613	866	212	464	7.04e-112	396
regTaAOX-4BL.sv4	TaAOX1a-2DL.sv2	92.308	195	13	2	326	520	11	203	9.58e-76	276
regTaAOX-4BL.sv4	TaAOX1c-6DL	83.254	209	29	6	659	866	595	798	4.62e-49	187
regTaAOX-4BL.sv4	TaAOX1c-6BL.sv3	83.254	209	29	6	659	866	642	845	4.62e-49	187
regTaAOX-4BL.sv4	TaAOX1c-6BL.sv2	83.254	209	29	6	659	866	585	788	4.62e-49	187
regTaAOX-4BL.sv4	TaAOX1c-6BL.sv1	83.254	209	29	6	659	866	642	845	4.62e-49	187
regTaAOX-4BL.sv4	TaAOX1c-6AL	82.297	209	31	6	659	866	678	881	9.99e-46	176
regTaAOX-4BL.sv4	AetAOX1a	98.485	66	1	0	801	866	1	66	6.14e-28	117
regTaAOX-4BL.sv4	TuAOX1a	98.485	66	1	0	801	866	1	66	6.14e-28	117
TaAOX1c-6AL	TaAOX1c-6AL	100.000	1736	0	0	1	1736	1	1736	0.0	3206
TaAOX1c-6AL	TaAOX1c-6BL.sv3	94.103	1577	62	13	86	1646	58	1619	0.0	2368
TaAOX1c-6AL	TaAOX1c-6BL.sv3	92.537	67	0	2	1	62	6	72	1.97e-20	91.6
TaAOX1c-6AL	TaAOX1c-6BL.sv1	94.103	1577	62	13	86	1646	58	1619	0.0	2368
TaAOX1c-6AL	TaAOX1c-6BL.sv1	92.537	67	0	2	1	62	6	72	1.97e-20	91.6
TaAOX1c-6AL	TaAOX1c-6DL	94.702	1510	45	9	86	1569	3	1503	0.0	2313
TaAOX1c-6AL	TaAOX1c-6BL.sv2	95.160	1095	38	5	564	1646	471	1562	0.0	1714
TaAOX1c-6AL	TaAOX1c-6BL.sv2	92.254	426	23	6	86	507	58	477	3.42e-172	595
TaAOX1c-6AL	TaAOX1c-6BL.sv2	92.537	67	0	2	1	62	6	72	1.97e-20	91.6
TaAOX1c-6AL	TuAOX1c	99.853	679	1	0	752	1430	627	1305	0.0	1249
TaAOX1c-6AL	TaAOX1a-2DL.sv2	85.185	756	109	3	678	1430	258	1013	0.0	773
TaAOX1c-6AL	TaAOX1a-2DL.sv1	85.185	756	109	3	678	1430	384	1139	0.0	773
TaAOX1c-6AL	TaAOX1a-2BL	86.123	699	94	3	678	1373	954	1652	0.0	750
TaAOX1c-6AL	TaAOX1a-2AL.sv2	86.143	700	92	5	678	1373	336	1034	0.0	750
TaAOX1c-6AL	TaAOX1a-2AL.sv1	86.143	700	92	5	678	1373	360	1058	0.0	750
TaAOX1c-6AL	AetAOX1d	82.024	751	133	2	681	1430	139	888	0.0	638
TaAOX1c-6AL	TaAOX1d-2DL	81.891	751	134	2	681	1430	379	1128	0.0	632
TaAOX1c-6AL	TaAOX1d-2AL.1	81.673	753	132	6	681	1430	154	903	5.64e-180	621
TaAOX1c-6AL	TuAOX1d.2	81.516	752	135	4	681	1430	463	1212	2.62e-178	616
TaAOX1c-6AL	TuAOX1d.1	81.383	752	136	4	681	1430	139	888	1.22e-176	610
TaAOX1c-6AL	TaAOX1d-2AL.2.sv2	81.383	752	136	4	681	1430	380	1129	1.22e-176	610
TaAOX1c-6AL	TaAOX1d-2AL.2.sv1	81.383	752	136	4	681	1430	385	1134	1.22e-176	610
TaAOX1c-6AL	regTaAOX-4BL.sv4	82.297	209	31	6	678	881	659	866	5.28e-46	176
TaAOX1c-6AL	regTaAOX-4BL.sv2	82.297	209	31	6	678	881	659	866	5.28e-46	176
TaAOX1c-6AL	regTaAOX-4BL.sv1	82.297	209	31	6	678	881	659	866	5.28e-46	176
TaAOX1c-6BL.sv1	TaAOX1c-6BL.sv1	100.000	1940	0	0	1	1940	1	1940	0.0	3583
TaAOX1c-6BL.sv1	TaAOX1c-6BL.sv3	100.000	1643	0	0	1	1643	1	1643	0.0	3035
TaAOX1c-6BL.sv1	TaAOX1c-6BL.sv3	100.000	222	0	0	1719	1940	1642	1863	1.49e-116	411
TaAOX1c-6BL.sv1	TaAOX1c-6AL	94.103	1577	62	13	58	1619	86	1646	0.0	2368
TaAOX1c-6BL.sv1	TaAOX1c-6AL	92.537	67	0	2	6	72	1	62	2.20e-20	91.6
TaAOX1c-6BL.sv1	TaAOX1c-6DL	94.172	1510	58	10	56	1542	1	1503	0.0	2274
TaAOX1c-6BL.sv1	TaAOX1c-6BL.sv2	100.000	1116	0	0	528	1643	471	1586	0.0	2061
TaAOX1c-6BL.sv1	TaAOX1c-6BL.sv2	100.000	471	0	0	1	471	1	471	0.0	870
TaAOX1c-6BL.sv1	TaAOX1c-6BL.sv2	100.000	222	0	0	1719	1940	1585	1806	1.49e-116	411
TaAOX1c-6BL.sv1	TuAOX1c	98.233	679	12	0	716	1394	627	1305	0.0	1188
TaAOX1c-6BL.sv1	TaAOX1a-2DL.sv2	86.376	756	100	3	642	1394	258	1013	0.0	822
TaAOX1c-6BL.sv1	TaAOX1a-2DL.sv1	86.376	756	100	3	642	1394	384	1139	0.0	822
TaAOX1c-6BL.sv1	TaAOX1a-2BL	87.268	699	86	3	642	1337	954	1652	0.0	795
TaAOX1c-6BL.sv1	TaAOX1a-2AL.sv2	87.143	700	85	5	642	1337	336	1034	0.0	789
TaAOX1c-6BL.sv1	TaAOX1a-2AL.sv1	87.143	700	85	5	642	1337	360	1058	0.0	789
TaAOX1c-6BL.sv1	AetAOX1a	87.134	614	79	0	781	1394	2	615	0.0	697
TaAOX1c-6BL.sv1	TuAOX1a	88.510	557	64	0	781	1337	2	558	0.0	675
TaAOX1c-6BL.sv1	TaAOX1a-like-2DL	83.718	694	111	2	645	1337	281	973	0.0	654
TaAOX1c-6BL.sv1	AetAOX1d	81.877	767	137	2	629	1394	123	888	0.0	645
TaAOX1c-6BL.sv1	TaAOX1d-2DL	81.747	767	138	2	629	1394	363	1128	0.0	640
TaAOX1c-6BL.sv1	TaAOX1d-2AL.1	81.383	752	136	4	645	1394	154	903	1.37e-176	610
TaAOX1c-6BL.sv1	TuAOX1d.2	81.225	751	139	2	645	1394	463	1212	6.35e-175	604
TaAOX1c-6BL.sv1	TuAOX1d.1	80.599	768	145	4	629	1394	123	888	1.78e-170	590
TaAOX1c-6BL.sv1	TaAOX1d-2AL.2.sv2	80.599	768	145	4	629	1394	364	1129	1.78e-170	590
TaAOX1c-6BL.sv1	TaAOX1d-2AL.2.sv1	80.599	768	145	4	629	1394	369	1134	1.78e-170	590
TaAOX1c-6BL.sv1	regTaAOX-4BL.sv4	83.254	209	29	6	642	845	659	866	2.73e-49	187
TaAOX1c-6BL.sv1	regTaAOX-4BL.sv2	83.254	209	29	6	642	845	659	866	2.73e-49	187
TaAOX1c-6BL.sv1	regTaAOX-4BL.sv1	83.254	209	29	6	642	845	659	866	2.73e-49	187
TaAOX1c-6BL.sv2	TaAOX1c-6BL.sv2	100.000	1806	0	0	1	1806	1	1806	0.0	3336
TaAOX1c-6BL.sv2	TaAOX1c-6BL.sv3	100.000	1336	0	0	471	1806	528	1863	0.0	2468
TaAOX1c-6BL.sv2	TaAOX1c-6BL.sv3	100.000	471	0	0	1	471	1	471	0.0	870
TaAOX1c-6BL.sv2	TaAOX1c-6BL.sv1	100.000	1116	0	0	471	1586	528	1643	0.0	2061
TaAOX1c-6BL.sv2	TaAOX1c-6BL.sv1	100.000	471	0	0	1	471	1	471	0.0	870
TaAOX1c-6BL.sv2	TaAOX1c-6BL.sv1	100.000	222	0	0	1585	1806	1719	1940	1.38e-116	411
TaAOX1c-6BL.sv2	TaAOX1c-6AL	95.160	1095	38	5	471	1562	564	1646	0.0	1714
TaAOX1c-6BL.sv2	TaAOX1c-6AL	92.254	426	23	6	58	477	86	507	3.56e-172	595
TaAOX1c-6BL.sv2	TaAOX1c-6AL	92.537	67	0	2	6	72	1	62	2.05e-20	91.6
TaAOX1c-6BL.sv2	TaAOX1c-6DL	96.098	1025	28	3	471	1485	481	1503	0.0	1661
TaAOX1c-6BL.sv2	TaAOX1c-6DL	89.631	434	27	7	56	476	1	429	2.19e-154	536
TaAOX1c-6BL.sv2	TuAOX1c	98.233	679	12	0	659	1337	627	1305	0.0	1188
TaAOX1c-6BL.sv2	TaAOX1a-2DL.sv2	86.376	756	100	3	585	1337	258	1013	0.0	822
TaAOX1c-6BL.sv2	TaAOX1a-2DL.sv1	86.376	756	100	3	585	1337	384	1139	0.0	822
TaAOX1c-6BL.sv2	TaAOX1a-2BL	87.268	699	86	3	585	1280	954	1652	0.0	795
TaAOX1c-6BL.sv2	TaAOX1a-2AL.sv2	87.143	700	85	5	585	1280	336	1034	0.0	789
TaAOX1c-6BL.sv2	TaAOX1a-2AL.sv1	87.143	700	85	5	585	1280	360	1058	0.0	789
TaAOX1c-6BL.sv2	AetAOX1a	87.134	614	79	0	724	1337	2	615	0.0	697
TaAOX1c-6BL.sv2	TuAOX1a	88.510	557	64	0	724	1280	2	558	0.0	675
TaAOX1c-6BL.sv2	TaAOX1a-like-2DL	83.718	694	111	2	588	1280	281	973	0.0	654
TaAOX1c-6BL.sv2	AetAOX1d	81.877	767	137	2	572	1337	123	888	0.0	645
TaAOX1c-6BL.sv2	TaAOX1d-2DL	81.747	767	138	2	572	1337	363	1128	0.0	640
TaAOX1c-6BL.sv2	TaAOX1d-2AL.1	81.383	752	136	4	588	1337	154	903	1.27e-176	610
TaAOX1c-6BL.sv2	TuAOX1d.2	81.225	751	139	2	588	1337	463	1212	5.91e-175	604
TaAOX1c-6BL.sv2	TuAOX1d.1	80.599	768	145	4	572	1337	123	888	1.65e-170	590
TaAOX1c-6BL.sv2	TaAOX1d-2AL.2.sv2	80.599	768	145	4	572	1337	364	1129	1.65e-170	590
TaAOX1c-6BL.sv2	TaAOX1d-2AL.2.sv1	80.599	768	145	4	572	1337	369	1134	1.65e-170	590
TaAOX1c-6BL.sv2	regTaAOX-4BL.sv4	83.254	209	29	6	585	788	659	866	2.54e-49	187
TaAOX1c-6BL.sv2	regTaAOX-4BL.sv2	83.254	209	29	6	585	788	659	866	2.54e-49	187
TaAOX1c-6BL.sv2	regTaAOX-4BL.sv1	83.254	209	29	6	585	788	659	866	2.54e-49	187
TaAOX1c-6BL.sv3	TaAOX1c-6BL.sv3	100.000	1863	0	0	1	1863	1	1863	0.0	3441
TaAOX1c-6BL.sv3	TaAOX1c-6BL.sv1	100.000	1643	0	0	1	1643	1	1643	0.0	3035
TaAOX1c-6BL.sv3	TaAOX1c-6BL.sv1	100.000	222	0	0	1642	1863	1719	1940	1.43e-116	411
TaAOX1c-6BL.sv3	TaAOX1c-6BL.sv2	100.000	1336	0	0	528	1863	471	1806	0.0	2468
TaAOX1c-6BL.sv3	TaAOX1c-6BL.sv2	100.000	471	0	0	1	471	1	471	0.0	870
TaAOX1c-6BL.sv3	TaAOX1c-6AL	94.103	1577	62	13	58	1619	86	1646	0.0	2368
TaAOX1c-6BL.sv3	TaAOX1c-6AL	92.537	67	0	2	6	72	1	62	2.11e-20	91.6
TaAOX1c-6BL.sv3	TaAOX1c-6DL	94.172	1510	58	10	56	1542	1	1503	0.0	2274
TaAOX1c-6BL.sv3	TuAOX1c	98.233	679	12	0	716	1394	627	1305	0.0	1188
TaAOX1c-6BL.sv3	TaAOX1a-2DL.sv2	86.376	756	100	3	642	1394	258	1013	0.0	822
TaAOX1c-6BL.sv3	TaAOX1a-2DL.sv1	86.376	756	100	3	642	1394	384	1139	0.0	822
TaAOX1c-6BL.sv3	TaAOX1a-2BL	87.268	699	86	3	642	1337	954	1652	0.0	795
TaAOX1c-6BL.sv3	TaAOX1a-2AL.sv2	87.143	700	85	5	642	1337	336	1034	0.0	789
TaAOX1c-6BL.sv3	TaAOX1a-2AL.sv1	87.143	700	85	5	642	1337	360	1058	0.0	789
TaAOX1c-6BL.sv3	AetAOX1a	87.134	614	79	0	781	1394	2	615	0.0	697
TaAOX1c-6BL.sv3	TuAOX1a	88.510	557	64	0	781	1337	2	558	0.0	675
TaAOX1c-6BL.sv3	TaAOX1a-like-2DL	83.718	694	111	2	645	1337	281	973	0.0	654
TaAOX1c-6BL.sv3	AetAOX1d	81.877	767	137	2	629	1394	123	888	0.0	645
TaAOX1c-6BL.sv3	TaAOX1d-2DL	81.747	767	138	2	629	1394	363	1128	0.0	640
TaAOX1c-6BL.sv3	TaAOX1d-2AL.1	81.383	752	136	4	645	1394	154	903	1.31e-176	610
TaAOX1c-6BL.sv3	TuAOX1d.2	81.225	751	139	2	645	1394	463	1212	6.10e-175	604
TaAOX1c-6BL.sv3	TuAOX1d.1	80.599	768	145	4	629	1394	123	888	1.71e-170	590
TaAOX1c-6BL.sv3	TaAOX1d-2AL.2.sv2	80.599	768	145	4	629	1394	364	1129	1.71e-170	590
TaAOX1c-6BL.sv3	TaAOX1d-2AL.2.sv1	80.599	768	145	4	629	1394	369	1134	1.71e-170	590
TaAOX1c-6BL.sv3	regTaAOX-4BL.sv4	83.254	209	29	6	642	845	659	866	2.62e-49	187
TaAOX1c-6BL.sv3	regTaAOX-4BL.sv2	83.254	209	29	6	642	845	659	866	2.62e-49	187
TaAOX1c-6BL.sv3	regTaAOX-4BL.sv1	83.254	209	29	6	642	845	659	866	2.62e-49	187
TaAOX1c-6DL	TaAOX1c-6DL	100.000	1801	0	0	1	1801	1	1801	0.0	3326
TaAOX1c-6DL	TaAOX1c-6AL	94.702	1510	45	9	3	1503	86	1569	0.0	2313
TaAOX1c-6DL	TaAOX1c-6BL.sv3	94.172	1510	58	10	1	1503	56	1542	0.0	2274
TaAOX1c-6DL	TaAOX1c-6BL.sv1	94.172	1510	58	10	1	1503	56	1542	0.0	2274
TaAOX1c-6DL	TaAOX1c-6BL.sv2	96.098	1025	28	3	481	1503	471	1485	0.0	1661
TaAOX1c-6DL	TaAOX1c-6BL.sv2	89.631	434	27	7	1	429	56	476	2.18e-154	536
TaAOX1c-6DL	TuAOX1c	98.527	679	10	0	669	1347	627	1305	0.0	1199
TaAOX1c-6DL	TaAOX1a-2DL.sv2	85.979	756	103	3	595	1347	258	1013	0.0	806
TaAOX1c-6DL	TaAOX1a-2DL.sv1	85.979	756	103	3	595	1347	384	1139	0.0	806
TaAOX1c-6DL	TaAOX1a-2AL.sv2	87.000	700	86	5	595	1290	336	1034	0.0	784
TaAOX1c-6DL	TaAOX1a-2AL.sv1	87.000	700	86	5	595	1290	360	1058	0.0	784
TaAOX1c-6DL	TaAOX1a-2BL	86.838	699	89	3	595	1290	954	1652	0.0	778
TaAOX1c-6DL	AetAOX1a	86.645	614	82	0	734	1347	2	615	0.0	680
TaAOX1c-6DL	TuAOX1a	87.971	557	67	0	734	1290	2	558	0.0	658
TaAOX1c-6DL	TaAOX1a-like-2DL	83.573	694	112	2	598	1290	281	973	0.0	649
TaAOX1c-6DL	AetAOX1d	81.641	768	137	4	582	1347	123	888	0.0	634
TaAOX1c-6DL	TaAOX1d-2DL	81.510	768	138	4	582	1347	363	1128	0.0	628
TaAOX1c-6DL	TaAOX1d-2AL.1	81.275	753	135	6	598	1347	154	903	5.89e-175	604
TaAOX1c-6DL	TuAOX1d.2	81.117	752	138	4	598	1347	463	1212	2.74e-173	599
TaAOX1c-6DL	TuAOX1d.1	80.624	769	143	6	582	1347	123	888	1.65e-170	590
TaAOX1c-6DL	TaAOX1d-2AL.2.sv2	80.624	769	143	6	582	1347	364	1129	1.65e-170	590
TaAOX1c-6DL	TaAOX1d-2AL.2.sv1	80.624	769	143	6	582	1347	369	1134	1.65e-170	590
TaAOX1c-6DL	regTaAOX-4BL.sv4	83.254	209	29	6	595	798	659	866	2.53e-49	187
TaAOX1c-6DL	regTaAOX-4BL.sv2	83.254	209	29	6	595	798	659	866	2.53e-49	187
TaAOX1c-6DL	regTaAOX-4BL.sv1	83.254	209	29	6	595	798	659	866	2.53e-49	187
regTaAOX-3B	regTaAOX-3B	100.000	1370	0	0	1	1370	1	1370	0.0	2531
regTaAOX-3B	AetAOX1e	97.288	295	8	0	849	1143	633	927	6.03e-144	501
regTaAOX-3B	AetAOX1e	97.273	110	2	1	1133	1242	990	1098	6.90e-49	185
regTaAOX-3B	TuAOX1a	87.755	294	36	0	850	1143	151	444	1.08e-96	344
regTaAOX-3B	AetAOX1a	87.075	294	38	0	850	1143	151	444	2.33e-93	333
regTaAOX-3B	TaAOX1a-2DL.sv2	87.075	294	38	0	850	1143	549	842	2.33e-93	333
regTaAOX-3B	TaAOX1a-2DL.sv1	87.075	294	38	0	850	1143	675	968	2.33e-93	333
regTaAOX-3B	TaAOX1a-2AL.sv2	86.897	290	38	0	850	1139	627	916	3.90e-91	326
regTaAOX-3B	TaAOX1a-2AL.sv1	86.897	290	38	0	850	1139	651	940	3.90e-91	326
regTaAOX-3B	TaAOX1a-2BL	86.395	294	40	0	850	1143	1245	1538	5.04e-90	322
regTaAOX-3B	TaAOX1a-like-2DL	86.207	290	40	0	850	1139	566	855	8.43e-88	315
regTaAOX-3B	TuAOX1d.2	85.034	294	44	0	850	1143	748	1041	2.36e-83	300
regTaAOX-3B	TaAOX1d-2AL.1	84.354	294	46	0	850	1143	439	732	5.11e-80	289
regTaAOX-3B	TaAOX1d-2DL	83.673	294	48	0	850	1143	664	957	1.11e-76	278
regTaAOX-3B	TuAOX1d.1	82.993	294	50	0	850	1143	424	717	2.40e-73	267
regTaAOX-3B	TaAOX1d-2AL.2.sv2	82.993	294	50	0	850	1143	665	958	2.40e-73	267
regTaAOX-3B	TaAOX1d-2AL.2.sv1	82.993	294	50	0	850	1143	670	963	2.40e-73	267
regTaAOX-3B	AetAOX1d-like	89.362	94	10	0	850	943	601	694	7.10e-29	119
TaAOX1d-2AL.1	TaAOX1d-2AL.1	100.000	1180	0	0	1	1180	1	1180	0.0	2180
TaAOX1d-2AL.1	TuAOX1d.2	97.453	903	23	0	1	903	310	1212	0.0	1541
TaAOX1d-2AL.1	TaAOX1d-2DL	88.801	1143	102	19	1	1132	223	1350	0.0	1378
TaAOX1d-2AL.1	TaAOX1d-2AL.2.sv1	89.585	1037	85	18	1	1025	229	1254	0.0	1295
TaAOX1d-2AL.1	TaAOX1d-2AL.2.sv2	91.350	948	76	4	1	945	224	1168	0.0	1291
TaAOX1d-2AL.1	AetAOX1d	92.117	888	67	3	19	903	1	888	0.0	1249
TaAOX1d-2AL.1	TuAOX1d.1	91.329	888	74	3	19	903	1	888	0.0	1210
TaAOX1d-2AL.1	TaAOX1a-like-2DL	87.575	837	104	0	67	903	194	1030	0.0	970
TaAOX1d-2AL.1	TaAOX1c-6AL	81.673	753	132	6	154	903	681	1430	3.82e-180	621
TaAOX1d-2AL.1	TaAOX1a-2DL.sv2	81.408	753	137	2	154	903	261	1013	2.30e-177	612
TaAOX1d-2AL.1	TaAOX1a-2DL.sv1	81.408	753	137	2	154	903	387	1139	2.30e-177	612
TaAOX1d-2AL.1	TaAOX1c-6BL.sv3	81.383	752	136	4	154	903	645	1394	8.27e-177	610
TaAOX1d-2AL.1	TaAOX1c-6BL.sv2	81.383	752	136	4	154	903	588	1337	8.27e-177	610
TaAOX1d-2AL.1	TaAOX1c-6BL.sv1	81.383	752	136	4	154	903	645	1394	8.27e-177	610
TaAOX1d-2AL.1	AetAOX1d-like	97.214	359	10	0	174	532	336	694	2.97e-176	608
TaAOX1d-2AL.1	AetAOX1d-like	92.411	224	17	0	77	300	107	330	1.56e-89	320
TaAOX1d-2AL.1	AetAOX1d-like	97.015	134	4	0	770	903	737	870	3.50e-61	226
TaAOX1d-2AL.1	AetAOX1d-like	98.000	50	1	0	578	627	692	741	1.72e-19	87.9
TaAOX1d-2AL.1	TaAOX1a-2AL.sv2	81.275	753	138	2	154	903	339	1091	1.07e-175	606
TaAOX1d-2AL.1	TaAOX1a-2AL.sv1	81.275	753	138	2	154	903	363	1115	1.07e-175	606
TaAOX1d-2AL.1	TaAOX1c-6DL	81.275	753	135	6	154	903	598	1347	3.85e-175	604
TaAOX1d-2AL.1	TaAOX1a-2BL	81.142	753	139	2	154	903	957	1709	4.98e-174	601
TaAOX1d-2AL.1	TuAOX1c	81.938	681	119	4	225	903	627	1305	1.08e-165	573
TaAOX1d-2AL.1	AetAOX1a	83.979	568	91	0	336	903	48	615	2.36e-157	545
TaAOX1d-2AL.1	TuAOX1a	83.627	568	93	0	336	903	48	615	5.12e-154	534
TaAOX1d-2AL.1	AetAOX1e	78.153	769	158	10	140	903	335	1098	6.76e-138	481
TaAOX1d-2AL.1	regTaAOX-3B	84.354	294	46	0	439	732	850	1143	4.40e-80	289
TaAOX1d-2AL.2.sv1	TaAOX1d-2AL.2.sv1	100.000	1423	0	0	1	1423	1	1423	0.0	2628
TaAOX1d-2AL.2.sv1	TaAOX1d-2AL.2.sv2	100.000	1176	0	0	6	1181	1	1176	0.0	2172
TaAOX1d-2AL.2.sv1	TaAOX1d-2DL	96.580	1199	32	3	1	1198	1	1191	0.0	1978
TaAOX1d-2AL.2.sv1	TuAOX1d.1	99.887	888	1	0	247	1134	1	888	0.0	1635
TaAOX1d-2AL.2.sv1	AetAOX1d	96.847	888	28	0	247	1134	1	888	0.0	1485
TaAOX1d-2AL.2.sv1	TaAOX1d-2AL.1	89.585	1037	85	18	229	1254	1	1025	0.0	1295
TaAOX1d-2AL.2.sv1	TuAOX1d.2	91.038	915	69	11	225	1134	306	1212	0.0	1223
TaAOX1d-2AL.2.sv1	TaAOX1a-like-2DL	88.124	842	93	7	295	1134	194	1030	0.0	994
TaAOX1d-2AL.2.sv1	TaAOX1a-2DL.sv2	81.457	755	133	6	385	1134	261	1013	2.78e-177	612
TaAOX1d-2AL.2.sv1	TaAOX1a-2DL.sv1	81.457	755	133	6	385	1134	387	1139	2.78e-177	612
TaAOX1d-2AL.2.sv1	TaAOX1c-6AL	81.383	752	136	4	385	1134	681	1430	9.98e-177	610
TaAOX1d-2AL.2.sv1	TaAOX1a-2BL	81.325	755	134	6	385	1134	957	1709	1.29e-175	606
TaAOX1d-2AL.2.sv1	TaAOX1a-2AL.sv2	81.192	755	135	6	385	1134	339	1091	6.01e-174	601
TaAOX1d-2AL.2.sv1	TaAOX1a-2AL.sv1	81.192	755	135	6	385	1134	363	1115	6.01e-174	601
TaAOX1d-2AL.2.sv1	TaAOX1c-6DL	80.624	769	143	6	369	1134	582	1347	1.30e-170	590
TaAOX1d-2AL.2.sv1	TaAOX1c-6BL.sv3	80.599	768	145	4	369	1134	629	1394	1.30e-170	590
TaAOX1d-2AL.2.sv1	TaAOX1c-6BL.sv2	80.599	768	145	4	369	1134	572	1337	1.30e-170	590
TaAOX1d-2AL.2.sv1	TaAOX1c-6BL.sv1	80.599	768	145	4	369	1134	629	1394	1.30e-170	590
TaAOX1d-2AL.2.sv1	TuAOX1c	81.938	681	119	4	456	1134	627	1305	1.31e-165	573
TaAOX1d-2AL.2.sv1	AetAOX1a	83.390	584	95	2	552	1134	33	615	1.33e-155	540
TaAOX1d-2AL.2.sv1	TuAOX1a	82.877	584	98	2	552	1134	33	615	1.34e-150	523
TaAOX1d-2AL.2.sv1	AetAOX1d-like	92.458	358	27	0	406	763	337	694	2.90e-147	512
TaAOX1d-2AL.2.sv1	AetAOX1d-like	88.596	228	21	5	305	531	107	330	5.35e-75	272
TaAOX1d-2AL.2.sv1	AetAOX1d-like	95.522	134	6	0	1001	1134	737	870	9.14e-58	215
TaAOX1d-2AL.2.sv1	AetAOX1d-like	96.000	50	2	0	809	858	692	741	9.68e-18	82.4
TaAOX1d-2AL.2.sv1	AetAOX1e	78.329	766	142	18	381	1134	345	1098	1.37e-135	473
TaAOX1d-2AL.2.sv1	regTaAOX-3B	82.993	294	50	0	670	963	850	1143	2.49e-73	267
TaAOX1d-2AL.2.sv2	TaAOX1d-2AL.2.sv2	100.000	1269	0	0	1	1269	1	1269	0.0	2344
TaAOX1d-2AL.2.sv2	TaAOX1d-2AL.2.sv1	100.000	1176	0	0	1	1176	6	1181	0.0	2172
TaAOX1d-2AL.2.sv2	TaAOX1d-2DL	96.835	1169	31	1	1	1169	6	1168	0.0	1949
TaAOX1d-2AL.2.sv2	TuAOX1d.1	99.887	888	1	0	242	1129	1	888	0.0	1635
TaAOX1d-2AL.2.sv2	AetAOX1d	96.847	888	28	0	242	1129	1	888	0.0	1485
TaAOX1d-2AL.2.sv2	TaAOX1d-2AL.1	91.350	948	76	4	224	1168	1	945	0.0	1291
TaAOX1d-2AL.2.sv2	TuAOX1d.2	91.038	915	69	11	220	1129	306	1212	0.0	1223
TaAOX1d-2AL.2.sv2	TaAOX1a-like-2DL	88.124	842	93	7	290	1129	194	1030	0.0	994
TaAOX1d-2AL.2.sv2	TaAOX1a-2DL.sv2	81.457	755	133	6	380	1129	261	1013	2.47e-177	612
TaAOX1d-2AL.2.sv2	TaAOX1a-2DL.sv1	81.457	755	133	6	380	1129	387	1139	2.47e-177	612
TaAOX1d-2AL.2.sv2	TaAOX1c-6AL	81.383	752	136	4	380	1129	681	1430	8.90e-177	610
TaAOX1d-2AL.2.sv2	TaAOX1a-2BL	81.325	755	134	6	380	1129	957	1709	1.15e-175	606
TaAOX1d-2AL.2.sv2	TaAOX1a-2AL.sv2	81.192	755	135	6	380	1129	339	1091	5.36e-174	601
TaAOX1d-2AL.2.sv2	TaAOX1a-2AL.sv1	81.192	755	135	6	380	1129	363	1115	5.36e-174	601
TaAOX1d-2AL.2.sv2	TaAOX1c-6DL	80.624	769	143	6	364	1129	582	1347	1.16e-170	590
TaAOX1d-2AL.2.sv2	TaAOX1c-6BL.sv3	80.599	768	145	4	364	1129	629	1394	1.16e-170	590
TaAOX1d-2AL.2.sv2	TaAOX1c-6BL.sv2	80.599	768	145	4	364	1129	572	1337	1.16e-170	590
TaAOX1d-2AL.2.sv2	TaAOX1c-6BL.sv1	80.599	768	145	4	364	1129	629	1394	1.16e-170	590
TaAOX1d-2AL.2.sv2	TuAOX1c	81.938	681	119	4	451	1129	627	1305	1.17e-165	573
TaAOX1d-2AL.2.sv2	AetAOX1a	83.390	584	95	2	547	1129	33	615	1.18e-155	540
TaAOX1d-2AL.2.sv2	TuAOX1a	82.877	584	98	2	547	1129	33	615	1.19e-150	523
TaAOX1d-2AL.2.sv2	AetAOX1d-like	92.458	358	27	0	401	758	337	694	2.58e-147	512
TaAOX1d-2AL.2.sv2	AetAOX1d-like	88.596	228	21	5	300	526	107	330	4.77e-75	272
TaAOX1d-2AL.2.sv2	AetAOX1d-like	95.522	134	6	0	996	1129	737	870	8.15e-58	215
TaAOX1d-2AL.2.sv2	AetAOX1d-like	96.000	50	2	0	804	853	692	741	8.63e-18	82.4
TaAOX1d-2AL.2.sv2	AetAOX1e	78.329	766	142	18	376	1129	345	1098	1.22e-135	473
TaAOX1d-2AL.2.sv2	regTaAOX-3B	82.993	294	50	0	665	958	850	1143	2.22e-73	267
TaAOX1d-2DL	TaAOX1d-2DL	100.000	1405	0	0	1	1405	1	1405	0.0	2595
TaAOX1d-2DL	TaAOX1d-2AL.2.sv1	96.580	1199	32	3	1	1191	1	1198	0.0	1978
TaAOX1d-2DL	TaAOX1d-2AL.2.sv2	96.835	1169	31	1	6	1168	1	1169	0.0	1949
TaAOX1d-2DL	AetAOX1d	99.550	888	4	0	241	1128	1	888	0.0	1618
TaAOX1d-2DL	TuAOX1d.1	96.734	888	29	0	241	1128	1	888	0.0	1480
TaAOX1d-2DL	TaAOX1d-2AL.1	88.801	1143	102	19	223	1350	1	1132	0.0	1378
TaAOX1d-2DL	TuAOX1d.2	91.694	915	63	11	219	1128	306	1212	0.0	1256
TaAOX1d-2DL	TaAOX1a-like-2DL	88.228	841	94	5	289	1128	194	1030	0.0	1000
TaAOX1d-2DL	TaAOX1a-2DL.sv2	82.626	754	126	4	379	1128	261	1013	0.0	662
TaAOX1d-2DL	TaAOX1a-2DL.sv1	82.626	754	126	4	379	1128	387	1139	0.0	662
TaAOX1d-2DL	TaAOX1c-6BL.sv3	81.747	767	138	2	363	1128	629	1394	0.0	640
TaAOX1d-2DL	TaAOX1c-6BL.sv2	81.747	767	138	2	363	1128	572	1337	0.0	640
TaAOX1d-2DL	TaAOX1c-6BL.sv1	81.747	767	138	2	363	1128	629	1394	0.0	640
TaAOX1d-2DL	TaAOX1a-2BL	81.963	754	131	4	379	1128	957	1709	0.0	634
TaAOX1d-2DL	TaAOX1a-2AL.sv2	81.963	754	131	4	379	1128	339	1091	0.0	634
TaAOX1d-2DL	TaAOX1a-2AL.sv1	81.963	754	131	4	379	1128	363	1115	0.0	634
TaAOX1d-2DL	TaAOX1c-6AL	81.891	751	134	2	379	1128	681	1430	0.0	632
TaAOX1d-2DL	TaAOX1c-6DL	81.510	768	138	4	363	1128	582	1347	0.0	628
TaAOX1d-2DL	TuAOX1c	82.500	680	117	2	450	1128	627	1305	2.76e-172	595
TaAOX1d-2DL	AetAOX1a	84.880	582	88	0	547	1128	34	615	4.62e-170	588
TaAOX1d-2DL	TuAOX1a	84.021	582	93	0	547	1128	34	615	1.01e-161	560
TaAOX1d-2DL	AetAOX1d-like	92.737	358	26	0	400	757	337	694	6.14e-149	518
TaAOX1d-2DL	AetAOX1d-like	87.719	228	23	5	299	525	107	330	1.14e-71	261
TaAOX1d-2DL	AetAOX1d-like	97.761	134	3	0	995	1128	737	870	8.96e-63	231
TaAOX1d-2DL	AetAOX1d-like	100.000	50	0	0	803	852	692	741	4.41e-21	93.5
TaAOX1d-2DL	AetAOX1e	78.824	765	140	16	375	1128	345	1098	2.88e-142	496
TaAOX1d-2DL	regTaAOX-3B	83.673	294	48	0	664	957	850	1143	1.14e-76	278
TuAOX1a	TuAOX1a	100.000	615	0	0	1	615	1	615	0.0	1136
TuAOX1a	AetAOX1a	98.537	615	9	0	1	615	1	615	0.0	1086
TuAOX1a	TaAOX1a-2DL.sv2	98.537	615	9	0	1	615	399	1013	0.0	1086
TuAOX1a	TaAOX1a-2DL.sv1	98.537	615	9	0	1	615	525	1139	0.0	1086
TuAOX1a	TaAOX1a-2AL.sv2	98.374	615	10	0	1	615	477	1091	0.0	1081
TuAOX1a	TaAOX1a-2AL.sv1	98.374	615	10	0	1	615	501	1115	0.0	1081
TuAOX1a	TaAOX1a-2BL	98.211	615	11	0	1	615	1095	1709	0.0	1075
TuAOX1a	TaAOX1a-like-2DL	91.938	583	47	0	33	615	448	1030	0.0	817
TuAOX1a	TaAOX1c-6BL.sv3	88.510	557	64	0	2	558	781	1337	0.0	675
TuAOX1a	TaAOX1c-6BL.sv2	88.510	557	64	0	2	558	724	1280	0.0	675
TuAOX1a	TaAOX1c-6BL.sv1	88.510	557	64	0	2	558	781	1337	0.0	675
TuAOX1a	TaAOX1c-6DL	87.971	557	67	0	2	558	734	1290	0.0	658
TuAOX1a	AetAOX1e	83.850	613	91	6	7	615	490	1098	4.31e-167	577
TuAOX1a	AetAOX1d	84.021	582	93	0	34	615	307	888	4.34e-162	560
TuAOX1a	TaAOX1d-2DL	84.021	582	93	0	34	615	547	1128	4.34e-162	560
TuAOX1a	TuAOX1d.2	84.183	569	88	2	48	615	645	1212	2.61e-159	551
TuAOX1a	TaAOX1d-2AL.1	83.627	568	93	0	48	615	336	903	2.63e-154	534
TuAOX1a	TuAOX1d.1	82.877	584	98	2	33	615	306	888	5.70e-151	523
TuAOX1a	TaAOX1d-2AL.2.sv2	82.877	584	98	2	33	615	547	1129	5.70e-151	523
TuAOX1a	TaAOX1d-2AL.2.sv1	82.877	584	98	2	33	615	552	1134	5.70e-151	523
TuAOX1a	regTaAOX-3B	87.755	294	36	0	151	444	850	1143	4.76e-97	344
TuAOX1a	AetAOX1d-like	83.249	197	33	0	48	244	498	694	3.95e-48	182
TuAOX1a	regTaAOX-4BL.sv4	98.485	66	1	0	1	66	801	866	1.13e-28	117
TuAOX1a	regTaAOX-4BL.sv3	98.485	66	1	0	1	66	819	884	1.13e-28	117
TuAOX1a	regTaAOX-4BL.sv2	98.485	66	1	0	1	66	801	866	1.13e-28	117
TuAOX1a	regTaAOX-4BL.sv1	98.485	66	1	0	1	66	801	866	1.13e-28	117
TuAOX1c	TuAOX1c	100.000	1305	0	0	1	1305	1	1305	0.0	2410
TuAOX1c	TaAOX1c-6AL	99.853	679	1	0	627	1305	752	1430	0.0	1249
TuAOX1c	TaAOX1c-6DL	98.527	679	10	0	627	1305	669	1347	0.0	1199
TuAOX1c	TaAOX1c-6BL.sv3	98.233	679	12	0	627	1305	716	1394	0.0	1188
TuAOX1c	TaAOX1c-6BL.sv2	98.233	679	12	0	627	1305	659	1337	0.0	1188
TuAOX1c	TaAOX1c-6BL.sv1	98.233	679	12	0	627	1305	716	1394	0.0	1188
TuAOX1c	AetAOX1d	82.647	680	116	2	627	1305	210	888	5.51e-174	601
TuAOX1c	TaAOX1d-2DL	82.500	680	117	2	627	1305	450	1128	2.56e-172	595
TuAOX1c	TuAOX1d.2	82.206	680	119	2	627	1305	534	1212	5.55e-169	584
TuAOX1c	TuAOX1d.1	81.938	681	119	4	627	1305	210	888	1.20e-165	573
TuAOX1c	TaAOX1d-2AL.2.sv2	81.938	681	119	4	627	1305	451	1129	1.20e-165	573
TuAOX1c	TaAOX1d-2AL.2.sv1	81.938	681	119	4	627	1305	456	1134	1.20e-165	573
TuAOX1c	TaAOX1d-2AL.1	81.938	681	119	4	627	1305	225	903	1.20e-165	573
TuAOX1d.1	TuAOX1d.1	100.000	888	0	0	1	888	1	888	0.0	1640
TuAOX1d.1	TaAOX1d-2AL.2.sv2	99.887	888	1	0	1	888	242	1129	0.0	1635
TuAOX1d.1	TaAOX1d-2AL.2.sv1	99.887	888	1	0	1	888	247	1134	0.0	1635
TuAOX1d.1	AetAOX1d	96.959	888	27	0	1	888	1	888	0.0	1491
TuAOX1d.1	TaAOX1d-2DL	96.734	888	29	0	1	888	241	1128	0.0	1480
TuAOX1d.1	TaAOX1d-2AL.1	91.329	888	74	3	1	888	19	903	0.0	1210
TuAOX1d.1	TuAOX1d.2	90.929	893	68	11	1	888	328	1212	0.0	1188
TuAOX1d.1	TaAOX1a-like-2DL	88.242	842	92	7	49	888	194	1030	0.0	1000
TuAOX1d.1	TaAOX1a-2DL.sv2	81.457	755	133	6	139	888	261	1013	1.72e-177	612
TuAOX1d.1	TaAOX1a-2DL.sv1	81.457	755	133	6	139	888	387	1139	1.72e-177	612
TuAOX1d.1	TaAOX1c-6AL	81.383	752	136	4	139	888	681	1430	6.19e-177	610
TuAOX1d.1	TaAOX1a-2BL	81.325	755	134	6	139	888	957	1709	8.01e-176	606
TuAOX1d.1	TaAOX1a-2AL.sv2	81.192	755	135	6	139	888	339	1091	3.73e-174	601
TuAOX1d.1	TaAOX1a-2AL.sv1	81.192	755	135	6	139	888	363	1115	3.73e-174	601
TuAOX1d.1	TaAOX1c-6DL	80.624	769	143	6	123	888	582	1347	8.07e-171	590
TuAOX1d.1	TaAOX1c-6BL.sv3	80.599	768	145	4	123	888	629	1394	8.07e-171	590
TuAOX1d.1	TaAOX1c-6BL.sv2	80.599	768	145	4	123	888	572	1337	8.07e-171	590
TuAOX1d.1	TaAOX1c-6BL.sv1	80.599	768	145	4	123	888	629	1394	8.07e-171	590
TuAOX1d.1	TuAOX1c	81.938	681	119	4	210	888	627	1305	8.12e-166	573
TuAOX1d.1	AetAOX1a	83.390	584	95	2	306	888	33	615	8.24e-156	540
TuAOX1d.1	TuAOX1a	82.877	584	98	2	306	888	33	615	8.30e-151	523
TuAOX1d.1	AetAOX1d-like	92.737	358	26	0	160	517	337	694	3.86e-149	518
TuAOX1d.1	AetAOX1d-like	89.035	228	20	5	59	285	107	330	7.13e-77	278
TuAOX1d.1	AetAOX1d-like	95.522	134	6	0	755	888	737	870	5.67e-58	215
TuAOX1d.1	AetAOX1d-like	96.000	50	2	0	563	612	692	741	6.00e-18	82.4
TuAOX1d.1	AetAOX1e	78.329	766	142	18	135	888	345	1098	8.48e-136	473
TuAOX1d.1	regTaAOX-3B	82.993	294	50	0	424	717	850	1143	1.54e-73	267
TuAOX1d.2	TuAOX1d.2	100.000	1212	0	0	1	1212	1	1212	0.0	2239
TuAOX1d.2	TaAOX1d-2AL.1	97.453	903	23	0	310	1212	1	903	0.0	1541
TuAOX1d.2	TaAOX1d-2DL	91.676	913	67	7	306	1212	219	1128	0.0	1256
TuAOX1d.2	AetAOX1d	91.695	891	65	7	328	1212	1	888	0.0	1227
TuAOX1d.2	TaAOX1d-2AL.2.sv2	91.019	913	73	7	306	1212	220	1129	0.0	1223
TuAOX1d.2	TaAOX1d-2AL.2.sv1	91.019	913	73	7	306	1212	225	1134	0.0	1223
TuAOX1d.2	TuAOX1d.1	90.909	891	72	7	328	1212	1	888	0.0	1188
TuAOX1d.2	TaAOX1a-like-2DL	87.947	838	99	2	376	1212	194	1030	0.0	987
TuAOX1d.2	AetAOX1d-like	98.050	359	7	0	483	841	336	694	0.0	625
TuAOX1d.2	AetAOX1d-like	85.380	342	38	8	268	609	1	330	9.51e-97	344
TuAOX1d.2	AetAOX1d-like	96.269	134	5	0	1079	1212	737	870	1.67e-59	220
TuAOX1d.2	AetAOX1d-like	98.000	50	1	0	887	936	692	741	1.77e-19	87.9
TuAOX1d.2	TaAOX1a-2DL.sv2	81.698	754	133	4	463	1212	261	1013	1.09e-180	623
TuAOX1d.2	TaAOX1a-2DL.sv1	81.698	754	133	4	463	1212	387	1139	1.09e-180	623
TuAOX1d.2	TaAOX1a-2AL.sv2	81.698	754	133	4	463	1212	339	1091	1.09e-180	623
TuAOX1d.2	TaAOX1a-2AL.sv1	81.698	754	133	4	463	1212	363	1115	1.09e-180	623
TuAOX1d.2	TaAOX1c-6AL	81.516	752	135	4	463	1212	681	1430	1.83e-178	616
TuAOX1d.2	TaAOX1a-2BL	81.432	754	135	4	463	1212	957	1709	2.36e-177	612
TuAOX1d.2	TaAOX1c-6BL.sv3	81.225	751	139	2	463	1212	645	1394	3.95e-175	604
TuAOX1d.2	TaAOX1c-6BL.sv2	81.225	751	139	2	463	1212	588	1337	3.95e-175	604
TuAOX1d.2	TaAOX1c-6BL.sv1	81.225	751	139	2	463	1212	645	1394	3.95e-175	604
TuAOX1d.2	TaAOX1c-6DL	81.117	752	138	4	463	1212	598	1347	1.84e-173	599
TuAOX1d.2	TuAOX1c	82.206	680	119	2	534	1212	627	1305	5.15e-169	584
TuAOX1d.2	AetAOX1a	84.534	569	86	2	645	1212	48	615	2.41e-162	562
TuAOX1d.2	TuAOX1a	84.183	569	88	2	645	1212	48	615	5.22e-159	551
TuAOX1d.2	AetAOX1e	78.934	769	152	10	449	1212	335	1098	6.85e-148	514
TuAOX1d.2	regTaAOX-3B	85.034	294	44	0	748	1041	850	1143	2.09e-83	300
AetAOX1a	AetAOX1a	100.000	615	0	0	1	615	1	615	0.0	1136
AetAOX1a	TaAOX1a-2DL.sv2	100.000	615	0	0	1	615	399	1013	0.0	1136
AetAOX1a	TaAOX1a-2DL.sv1	100.000	615	0	0	1	615	525	1139	0.0	1136
AetAOX1a	TuAOX1a	98.537	615	9	0	1	615	1	615	0.0	1086
AetAOX1a	TaAOX1a-2BL	98.537	615	9	0	1	615	1095	1709	0.0	1086
AetAOX1a	TaAOX1a-2AL.sv2	98.211	615	11	0	1	615	477	1091	0.0	1075
AetAOX1a	TaAOX1a-2AL.sv1	98.211	615	11	0	1	615	501	1115	0.0	1075
AetAOX1a	TaAOX1a-like-2DL	92.453	583	44	0	33	615	448	1030	0.0	833
AetAOX1a	TaAOX1c-6BL.sv3	87.134	614	79	0	2	615	781	1394	0.0	697
AetAOX1a	TaAOX1c-6BL.sv2	87.134	614	79	0	2	615	724	1337	0.0	697
AetAOX1a	TaAOX1c-6BL.sv1	87.134	614	79	0	2	615	781	1394	0.0	697
AetAOX1a	TaAOX1c-6DL	86.645	614	82	0	2	615	734	1347	0.0	680
AetAOX1a	AetAOX1d	84.880	582	88	0	34	615	307	888	1.99e-170	588
AetAOX1a	TaAOX1d-2DL	84.880	582	88	0	34	615	547	1128	1.99e-170	588
AetAOX1a	TuAOX1d.2	84.534	569	86	2	48	615	645	1212	1.21e-162	562
AetAOX1a	AetAOX1e	84.783	552	84	0	7	558	490	1041	2.02e-160	555
AetAOX1a	TaAOX1d-2AL.1	83.979	568	91	0	48	615	336	903	1.22e-157	545
AetAOX1a	TuAOX1d.1	83.390	584	95	2	33	615	306	888	5.66e-156	540
AetAOX1a	TaAOX1d-2AL.2.sv2	83.390	584	95	2	33	615	547	1129	5.66e-156	540
AetAOX1a	TaAOX1d-2AL.2.sv1	83.390	584	95	2	33	615	552	1134	5.66e-156	540
AetAOX1a	regTaAOX-3B	87.075	294	38	0	151	444	850	1143	1.03e-93	333
AetAOX1a	AetAOX1d-like	84.772	197	30	0	48	244	498	694	3.92e-53	198
AetAOX1a	regTaAOX-4BL.sv4	98.485	66	1	0	1	66	801	866	1.13e-28	117
AetAOX1a	regTaAOX-4BL.sv3	98.485	66	1	0	1	66	819	884	1.13e-28	117
AetAOX1a	regTaAOX-4BL.sv2	98.485	66	1	0	1	66	801	866	1.13e-28	117
AetAOX1a	regTaAOX-4BL.sv1	98.485	66	1	0	1	66	801	866	1.13e-28	117
AetAOX1e	AetAOX1e	100.000	1098	0	0	1	1098	1	1098	0.0	2028
AetAOX1e	TaAOX1a-2DL.sv2	83.866	657	106	0	385	1041	300	956	0.0	627
AetAOX1e	TaAOX1a-2DL.sv1	83.866	657	106	0	385	1041	426	1082	0.0	627
AetAOX1e	TaAOX1a-2AL.sv2	82.591	718	117	6	385	1098	378	1091	0.0	627
AetAOX1e	TaAOX1a-2AL.sv1	82.591	718	117	6	385	1098	402	1115	0.0	627
AetAOX1e	TaAOX1a-2BL	82.451	718	118	6	385	1098	996	1709	3.55e-180	621
AetAOX1e	TuAOX1a	83.850	613	91	6	490	1098	7	615	7.79e-167	577
AetAOX1e	TaAOX1a-like-2DL	80.313	767	125	19	345	1098	277	1030	1.02e-160	556
AetAOX1e	AetAOX1a	84.783	552	84	0	490	1041	7	558	3.65e-160	555
AetAOX1e	TuAOX1d.2	78.879	767	156	6	335	1098	449	1212	6.20e-148	514
AetAOX1e	regTaAOX-3B	97.288	295	8	0	633	927	849	1143	4.83e-144	501
AetAOX1e	regTaAOX-3B	97.273	110	2	1	990	1098	1133	1242	5.52e-49	185
AetAOX1e	AetAOX1d	78.796	764	142	14	345	1098	135	888	2.25e-142	496
AetAOX1e	TaAOX1d-2DL	78.796	764	142	14	345	1098	375	1128	2.25e-142	496
AetAOX1e	TaAOX1d-2AL.1	78.125	768	160	8	335	1098	140	903	6.29e-138	481
AetAOX1e	TuAOX1d.1	78.329	766	142	18	345	1098	135	888	1.05e-135	473
AetAOX1e	TaAOX1d-2AL.2.sv2	78.329	766	142	18	345	1098	376	1129	1.05e-135	473
AetAOX1e	TaAOX1d-2AL.2.sv1	78.329	766	142	18	345	1098	381	1134	1.05e-135	473
AetAOX1e	AetAOX1d-like	76.519	362	82	3	368	727	334	694	9.17e-52	195
AetAOX1d	AetAOX1d	100.000	888	0	0	1	888	1	888	0.0	1640
AetAOX1d	TaAOX1d-2DL	99.550	888	4	0	1	888	241	1128	0.0	1618
AetAOX1d	TuAOX1d.1	96.959	888	27	0	1	888	1	888	0.0	1491
AetAOX1d	TaAOX1d-2AL.2.sv2	96.847	888	28	0	1	888	242	1129	0.0	1485
AetAOX1d	TaAOX1d-2AL.2.sv1	96.847	888	28	0	1	888	247	1134	0.0	1485
AetAOX1d	TaAOX1d-2AL.1	92.117	888	67	3	1	888	19	903	0.0	1249
AetAOX1d	TuAOX1d.2	91.713	893	61	11	1	888	328	1212	0.0	1227
AetAOX1d	TaAOX1a-like-2DL	88.466	841	92	5	49	888	194	1030	0.0	1011
AetAOX1d	TaAOX1a-2DL.sv2	82.626	754	126	4	139	888	261	1013	0.0	662
AetAOX1d	TaAOX1a-2DL.sv1	82.626	754	126	4	139	888	387	1139	0.0	662
AetAOX1d	TaAOX1c-6BL.sv3	81.877	767	137	2	123	888	629	1394	0.0	645
AetAOX1d	TaAOX1c-6BL.sv2	81.877	767	137	2	123	888	572	1337	0.0	645
AetAOX1d	TaAOX1c-6BL.sv1	81.877	767	137	2	123	888	629	1394	0.0	645
AetAOX1d	TaAOX1c-6AL	82.024	751	133	2	139	888	681	1430	0.0	638
AetAOX1d	TaAOX1c-6DL	81.641	768	137	4	123	888	582	1347	0.0	634
AetAOX1d	TaAOX1a-2BL	81.963	754	131	4	139	888	957	1709	0.0	634
AetAOX1d	TaAOX1a-2AL.sv2	81.963	754	131	4	139	888	339	1091	0.0	634
AetAOX1d	TaAOX1a-2AL.sv1	81.963	754	131	4	139	888	363	1115	0.0	634
AetAOX1d	TuAOX1c	82.647	680	116	2	210	888	627	1305	3.73e-174	601
AetAOX1d	AetAOX1a	84.880	582	88	0	307	888	34	615	2.90e-170	588
AetAOX1d	TuAOX1a	84.021	582	93	0	307	888	34	615	6.32e-162	560
AetAOX1d	AetAOX1d-like	93.258	356	24	0	160	515	337	692	2.31e-151	525
AetAOX1d	AetAOX1d-like	88.596	228	21	5	59	285	107	330	3.32e-75	272
AetAOX1d	AetAOX1d-like	97.761	134	3	0	755	888	737	870	5.63e-63	231
AetAOX1d	AetAOX1d-like	100.000	50	0	0	563	612	692	741	2.77e-21	93.5
AetAOX1d	AetAOX1e	78.824	765	140	16	135	888	345	1098	1.81e-142	496
AetAOX1d-like	AetAOX1d-like	100.000	870	0	0	1	870	1	870	0.0	1607
AetAOX1d-like	AetAOX1d-like	100.000	127	0	0	336	462	204	330	4.26e-64	235
AetAOX1d-like	AetAOX1d-like	100.000	127	0	0	204	330	336	462	4.26e-64	235
AetAOX1d-like	TuAOX1d.2	98.050	359	7	0	336	694	483	841	0.0	625
AetAOX1d-like	TuAOX1d.2	85.380	342	38	8	1	330	268	609	6.79e-97	344
AetAOX1d-like	TuAOX1d.2	96.269	134	5	0	737	870	1079	1212	1.19e-59	220
AetAOX1d-like	TuAOX1d.2	98.000	50	1	0	692	741	887	936	1.26e-19	87.9
AetAOX1d-like	TaAOX1d-2AL.1	97.214	359	10	0	336	694	174	532	2.18e-176	608
AetAOX1d-like	TaAOX1d-2AL.1	92.411	224	17	0	107	330	77	300	1.14e-89	320
AetAOX1d-like	TaAOX1d-2AL.1	97.015	134	4	0	737	870	770	903	2.57e-61	226
AetAOX1d-like	TaAOX1d-2AL.1	98.000	50	1	0	692	741	578	627	1.26e-19	87.9
AetAOX1d-like	TaAOX1a-like-2DL	93.370	362	24	0	333	694	298	659	1.04e-154	536
AetAOX1d-like	TaAOX1a-like-2DL	91.892	222	18	0	109	330	206	427	6.89e-87	311
AetAOX1d-like	AetAOX1d	93.258	356	24	0	337	692	160	515	2.26e-151	525
AetAOX1d-like	AetAOX1d	88.596	228	21	5	107	330	59	285	3.25e-75	272
AetAOX1d-like	AetAOX1d	97.761	134	3	0	737	870	755	888	5.52e-63	231
AetAOX1d-like	AetAOX1d	100.000	50	0	0	692	741	563	612	2.72e-21	93.5
AetAOX1d-like	TuAOX1d.1	92.737	358	26	0	337	694	160	517	3.78e-149	518
AetAOX1d-like	TuAOX1d.1	89.035	228	20	5	107	330	59	285	6.99e-77	278
AetAOX1d-like	TuAOX1d.1	95.522	134	6	0	737	870	755	888	5.56e-58	215
AetAOX1d-like	TuAOX1d.1	96.000	50	2	0	692	741	563	612	5.88e-18	82.4
AetAOX1d-like	TaAOX1d-2DL	92.737	358	26	0	337	694	400	757	3.78e-149	518
AetAOX1d-like	TaAOX1d-2DL	87.719	228	23	5	107	330	299	525	7.04e-72	261
AetAOX1d-like	TaAOX1d-2DL	97.761	134	3	0	737	870	995	1128	5.52e-63	231
AetAOX1d-like	TaAOX1d-2DL	100.000	50	0	0	692	741	803	852	2.72e-21	93.5
AetAOX1d-like	TaAOX1d-2AL.2.sv2	92.458	358	27	0	337	694	401	758	1.76e-147	512
AetAOX1d-like	TaAOX1d-2AL.2.sv2	88.596	228	21	5	107	330	300	526	3.25e-75	272
AetAOX1d-like	TaAOX1d-2AL.2.sv2	95.522	134	6	0	737	870	996	1129	5.56e-58	215
AetAOX1d-like	TaAOX1d-2AL.2.sv2	96.000	50	2	0	692	741	804	853	5.88e-18	82.4
AetAOX1d-like	TaAOX1d-2AL.2.sv1	92.458	358	27	0	337	694	406	763	1.76e-147	512
AetAOX1d-like	TaAOX1d-2AL.2.sv1	88.596	228	21	5	107	330	305	531	3.25e-75	272
AetAOX1d-like	TaAOX1d-2AL.2.sv1	95.522	134	6	0	737	870	1001	1134	5.56e-58	215
AetAOX1d-like	TaAOX1d-2AL.2.sv1	96.000	50	2	0	692	741	809	858	5.88e-18	82.4
AetAOX1d-like	TaAOX1a-2DL.sv2	79.651	344	68	2	352	694	300	642	1.97e-67	246
AetAOX1d-like	TaAOX1a-2DL.sv1	79.651	344	68	2	352	694	426	768	1.97e-67	246
AetAOX1d-like	TaAOX1a-2AL.sv2	79.651	344	68	2	352	694	378	720	1.97e-67	246
AetAOX1d-like	TaAOX1a-2AL.sv1	79.651	344	68	2	352	694	402	744	1.97e-67	246
AetAOX1d-like	TaAOX1a-2BL	78.779	344	71	2	352	694	996	1338	1.98e-62	230
AetAOX1d-like	AetAOX1a	84.772	197	30	0	498	694	48	244	5.59e-53	198
AetAOX1d-like	AetAOX1e	76.584	363	80	5	334	694	368	727	7.24e-52	195
AetAOX1d-like	TuAOX1a	83.249	197	33	0	498	694	48	244	5.63e-48	182
AetAOX1d-like	regTaAOX-3B	89.362	94	10	0	601	694	850	943	4.48e-29	119
