TaAOX1a-2AL.sv1	TaAOX1a-2AL.sv2	100.000	2369	0	0	1	2369	1	2369	0.0	4375
TaAOX1a-2AL.sv1	TaAOX1a-2AL.sv1	100.000	2369	0	0	1	2369	1	2369	0.0	4375
TaAOX1a-2AL.sv1	TaAOX1a-2DL.sv2	89.992	2458	103	53	2	2355	1	2419	0.0	3044
TaAOX1a-2AL.sv1	TaAOX1a-2DL.sv1	89.992	2458	103	53	2	2355	1	2419	0.0	3044
TaAOX1a-2AL.sv1	TaAOX1a-2BL	91.657	1666	88	32	744	2369	1361	3015	0.0	2259
TaAOX1a-2AL.sv1	TaAOX1a-2BL	90.992	766	44	18	1	747	580	1339	0.0	1009
TaAOX1a-2AL.sv1	TuAOX1a	95.596	1385	34	7	669	2028	1	1383	0.0	2194
TaAOX1a-2AL.sv1	AetAOX1a	89.541	1415	57	41	669	2028	1	1379	0.0	1709
TaAOX1a-2AL.sv1	TaAOX1a-like-2DL	93.714	1034	55	6	1340	2367	486	1515	0.0	1541
TaAOX1a-2AL.sv1	regTaAOX-4BL.sv4	87.062	742	60	12	5	740	326	1037	0.0	806
TaAOX1a-2AL.sv1	regTaAOX-4BL.sv3	87.062	742	60	12	5	740	326	1037	0.0	806
TaAOX1a-2AL.sv1	regTaAOX-4BL.sv2	87.062	742	60	12	5	740	326	1037	0.0	806
TaAOX1a-2AL.sv1	regTaAOX-4BL.sv1	87.062	742	60	12	5	740	326	1037	0.0	806
TaAOX1a-2AL.sv1	TuAOX1d.2	86.420	486	66	0	1340	1825	8233	8718	6.15e-153	532
TaAOX1a-2AL.sv1	AetAOX1d	86.214	486	67	0	1340	1825	344	829	2.86e-151	527
TaAOX1a-2AL.sv1	TaAOX1d-2DL	86.214	486	67	0	1340	1825	584	1069	2.86e-151	527
TaAOX1a-2AL.sv1	AetAOX1e	85.282	496	73	0	1332	1827	2326	2821	8.02e-147	512
TaAOX1a-2AL.sv1	TuAOX1d.1	85.867	467	65	1	1363	1829	367	832	8.07e-142	496
TaAOX1a-2AL.sv1	TaAOX1d-2AL.2.sv2	85.867	467	65	1	1363	1829	608	1073	8.07e-142	496
TaAOX1a-2AL.sv1	TaAOX1d-2AL.2.sv1	85.867	467	65	1	1363	1829	613	1078	8.07e-142	496
TaAOX1a-2AL.sv1	TaAOX1d-2AL.1	86.944	360	47	0	1466	1825	595	954	1.40e-114	405
TaAOX1a-2AL.sv1	TaAOX1d-2AL.1	85.408	233	34	0	1340	1572	359	591	1.16e-65	243
TaAOX1a-2AL.sv1	regTaAOX-3B	86.897	290	38	0	1420	1709	850	1139	1.12e-90	326
TaAOX1a-2AL.sv1	AetAOX1d-like	86.232	276	38	0	1343	1618	592	867	6.79e-83	300
TaAOX1a-2AL.sv1	TaAOX1c-6BL.sv3	85.366	82	9	3	360	441	642	720	2.68e-17	82.4
TaAOX1a-2AL.sv1	TaAOX1c-6BL.sv2	85.366	82	9	3	360	441	642	720	2.68e-17	82.4
TaAOX1a-2AL.sv1	TaAOX1c-6BL.sv1	85.366	82	9	3	360	441	642	720	2.68e-17	82.4
TaAOX1a-2AL.sv1	TaAOX1c-6DL	85.185	81	9	3	360	440	595	672	9.64e-17	80.5
TaAOX1a-2AL.sv1	TaAOX1c-6AL	85.185	81	9	3	360	440	678	755	9.64e-17	80.5
TaAOX1a-2AL.sv1	TuAOX1c	92.157	51	4	0	390	440	3461	3511	1.61e-14	73.1
TaAOX1a-2AL.sv2	TaAOX1a-2AL.sv2	100.000	2369	0	0	1	2369	1	2369	0.0	4375
TaAOX1a-2AL.sv2	TaAOX1a-2AL.sv1	100.000	2369	0	0	1	2369	1	2369	0.0	4375
TaAOX1a-2AL.sv2	TaAOX1a-2DL.sv2	89.992	2458	103	53	2	2355	1	2419	0.0	3044
TaAOX1a-2AL.sv2	TaAOX1a-2DL.sv1	89.992	2458	103	53	2	2355	1	2419	0.0	3044
TaAOX1a-2AL.sv2	TaAOX1a-2BL	91.657	1666	88	32	744	2369	1361	3015	0.0	2259
TaAOX1a-2AL.sv2	TaAOX1a-2BL	90.992	766	44	18	1	747	580	1339	0.0	1009
TaAOX1a-2AL.sv2	TuAOX1a	95.596	1385	34	7	669	2028	1	1383	0.0	2194
TaAOX1a-2AL.sv2	AetAOX1a	89.541	1415	57	41	669	2028	1	1379	0.0	1709
TaAOX1a-2AL.sv2	TaAOX1a-like-2DL	93.714	1034	55	6	1340	2367	486	1515	0.0	1541
TaAOX1a-2AL.sv2	regTaAOX-4BL.sv4	87.062	742	60	12	5	740	326	1037	0.0	806
TaAOX1a-2AL.sv2	regTaAOX-4BL.sv3	87.062	742	60	12	5	740	326	1037	0.0	806
TaAOX1a-2AL.sv2	regTaAOX-4BL.sv2	87.062	742	60	12	5	740	326	1037	0.0	806
TaAOX1a-2AL.sv2	regTaAOX-4BL.sv1	87.062	742	60	12	5	740	326	1037	0.0	806
TaAOX1a-2AL.sv2	TuAOX1d.2	86.420	486	66	0	1340	1825	8233	8718	6.15e-153	532
TaAOX1a-2AL.sv2	AetAOX1d	86.214	486	67	0	1340	1825	344	829	2.86e-151	527
TaAOX1a-2AL.sv2	TaAOX1d-2DL	86.214	486	67	0	1340	1825	584	1069	2.86e-151	527
TaAOX1a-2AL.sv2	AetAOX1e	85.282	496	73	0	1332	1827	2326	2821	8.02e-147	512
TaAOX1a-2AL.sv2	TuAOX1d.1	85.867	467	65	1	1363	1829	367	832	8.07e-142	496
TaAOX1a-2AL.sv2	TaAOX1d-2AL.2.sv2	85.867	467	65	1	1363	1829	608	1073	8.07e-142	496
TaAOX1a-2AL.sv2	TaAOX1d-2AL.2.sv1	85.867	467	65	1	1363	1829	613	1078	8.07e-142	496
TaAOX1a-2AL.sv2	TaAOX1d-2AL.1	86.944	360	47	0	1466	1825	595	954	1.40e-114	405
TaAOX1a-2AL.sv2	TaAOX1d-2AL.1	85.408	233	34	0	1340	1572	359	591	1.16e-65	243
TaAOX1a-2AL.sv2	regTaAOX-3B	86.897	290	38	0	1420	1709	850	1139	1.12e-90	326
TaAOX1a-2AL.sv2	AetAOX1d-like	86.232	276	38	0	1343	1618	592	867	6.79e-83	300
TaAOX1a-2AL.sv2	TaAOX1c-6BL.sv3	85.366	82	9	3	360	441	642	720	2.68e-17	82.4
TaAOX1a-2AL.sv2	TaAOX1c-6BL.sv2	85.366	82	9	3	360	441	642	720	2.68e-17	82.4
TaAOX1a-2AL.sv2	TaAOX1c-6BL.sv1	85.366	82	9	3	360	441	642	720	2.68e-17	82.4
TaAOX1a-2AL.sv2	TaAOX1c-6DL	85.185	81	9	3	360	440	595	672	9.64e-17	80.5
TaAOX1a-2AL.sv2	TaAOX1c-6AL	85.185	81	9	3	360	440	678	755	9.64e-17	80.5
TaAOX1a-2AL.sv2	TuAOX1c	92.157	51	4	0	390	440	3461	3511	1.61e-14	73.1
TaAOX1a-2BL	TaAOX1a-2BL	100.000	3069	0	0	1	3069	1	3069	0.0	5668
TaAOX1a-2BL	TaAOX1a-2DL.sv2	89.626	2487	124	57	581	3001	1	2419	0.0	3040
TaAOX1a-2BL	TaAOX1a-2DL.sv1	89.626	2487	124	57	581	3001	1	2419	0.0	3040
TaAOX1a-2BL	TaAOX1a-2AL.sv2	91.657	1666	88	32	1361	3015	744	2369	0.0	2259
TaAOX1a-2BL	TaAOX1a-2AL.sv2	90.992	766	44	18	580	1339	1	747	0.0	1009
TaAOX1a-2BL	TaAOX1a-2AL.sv1	91.657	1666	88	32	1361	3015	744	2369	0.0	2259
TaAOX1a-2BL	TaAOX1a-2AL.sv1	90.992	766	44	18	580	1339	1	747	0.0	1009
TaAOX1a-2BL	AetAOX1a	90.896	1428	69	29	1261	2676	1	1379	0.0	1860
TaAOX1a-2BL	TuAOX1a	90.566	1431	72	38	1261	2676	1	1383	0.0	1836
TaAOX1a-2BL	TaAOX1a-like-2DL	92.697	1027	60	8	1996	3013	495	1515	0.0	1467
TaAOX1a-2BL	regTaAOX-4BL.sv4	85.126	753	67	21	584	1332	326	1037	0.0	728
TaAOX1a-2BL	regTaAOX-4BL.sv3	85.126	753	67	21	584	1332	326	1037	0.0	728
TaAOX1a-2BL	regTaAOX-4BL.sv2	85.126	753	67	21	584	1332	326	1037	0.0	728
TaAOX1a-2BL	regTaAOX-4BL.sv1	85.126	753	67	21	584	1332	326	1037	0.0	728
TaAOX1a-2BL	AetAOX1d	86.583	477	64	0	1996	2472	353	829	3.72e-151	527
TaAOX1a-2BL	TaAOX1d-2DL	86.583	477	64	0	1996	2472	593	1069	3.72e-151	527
TaAOX1a-2BL	TuAOX1d.2	86.373	477	65	0	1996	2472	8242	8718	1.73e-149	521
TaAOX1a-2BL	AetAOX1e	85.282	496	73	0	1979	2474	2326	2821	1.04e-146	512
TaAOX1a-2BL	TuAOX1d.1	86.081	467	64	1	2010	2476	367	832	2.25e-143	501
TaAOX1a-2BL	TaAOX1d-2AL.2.sv2	86.081	467	64	1	2010	2476	608	1073	2.25e-143	501
TaAOX1a-2BL	TaAOX1d-2AL.2.sv1	86.081	467	64	1	2010	2476	613	1078	2.25e-143	501
TaAOX1a-2BL	TaAOX1d-2AL.1	87.500	360	45	0	2113	2472	595	954	8.39e-118	416
TaAOX1a-2BL	TaAOX1d-2AL.1	84.821	224	34	0	1996	2219	368	591	1.52e-60	226
TaAOX1a-2BL	regTaAOX-3B	86.395	294	40	0	2067	2360	850	1143	1.88e-89	322
TaAOX1a-2BL	AetAOX1d-like	86.296	270	37	0	1996	2265	598	867	4.10e-81	294
TaAOX1a-2BL	TaAOX1c-6BL.sv3	85.366	82	9	3	954	1035	642	720	3.48e-17	82.4
TaAOX1a-2BL	TaAOX1c-6BL.sv2	85.366	82	9	3	954	1035	642	720	3.48e-17	82.4
TaAOX1a-2BL	TaAOX1c-6BL.sv1	85.366	82	9	3	954	1035	642	720	3.48e-17	82.4
TaAOX1a-2BL	TaAOX1c-6DL	85.185	81	9	3	954	1034	595	672	1.25e-16	80.5
TaAOX1a-2BL	TaAOX1c-6AL	85.185	81	9	3	954	1034	678	755	1.25e-16	80.5
TaAOX1a-2BL	TuAOX1c	92.157	51	4	0	984	1034	3461	3511	2.09e-14	73.1
TaAOX1a-2DL.sv1	TaAOX1a-2DL.sv2	100.000	2419	0	0	1	2419	1	2419	0.0	4468
TaAOX1a-2DL.sv1	TaAOX1a-2DL.sv1	100.000	2419	0	0	1	2419	1	2419	0.0	4468
TaAOX1a-2DL.sv1	TaAOX1a-2AL.sv2	89.988	2457	105	52	1	2419	2	2355	0.0	3044
TaAOX1a-2DL.sv1	TaAOX1a-2AL.sv1	89.988	2457	105	52	1	2419	2	2355	0.0	3044
TaAOX1a-2DL.sv1	TaAOX1a-2BL	89.630	2488	122	59	1	2419	581	3001	0.0	3040
TaAOX1a-2DL.sv1	AetAOX1a	100.000	1379	0	0	713	2091	1	1379	0.0	2547
TaAOX1a-2DL.sv1	TuAOX1a	91.467	1418	47	34	713	2091	1	1383	0.0	1881
TaAOX1a-2DL.sv1	TaAOX1a-like-2DL	91.124	1014	51	18	1440	2419	495	1503	0.0	1338
TaAOX1a-2DL.sv1	AetAOX1d	87.841	477	58	0	1440	1916	353	829	2.88e-161	560
TaAOX1a-2DL.sv1	TaAOX1d-2DL	87.841	477	58	0	1440	1916	593	1069	2.88e-161	560
TaAOX1a-2DL.sv1	TuAOX1d.2	87.002	477	62	0	1440	1916	8242	8718	1.35e-154	538
TaAOX1a-2DL.sv1	AetAOX1e	85.685	496	71	0	1423	1918	2326	2821	3.78e-150	523
TaAOX1a-2DL.sv1	TuAOX1d.1	86.510	467	62	1	1454	1920	367	832	8.19e-147	512
TaAOX1a-2DL.sv1	TaAOX1d-2AL.2.sv2	86.510	467	62	1	1454	1920	608	1073	8.19e-147	512
TaAOX1a-2DL.sv1	TaAOX1d-2AL.2.sv1	86.510	467	62	1	1454	1920	613	1078	8.19e-147	512
TaAOX1a-2DL.sv1	regTaAOX-4BL.sv4	86.184	456	37	14	328	781	603	1034	5.00e-134	470
TaAOX1a-2DL.sv1	regTaAOX-4BL.sv4	86.842	304	32	5	11	306	326	629	6.84e-93	333
TaAOX1a-2DL.sv1	regTaAOX-4BL.sv3	86.184	456	37	14	328	781	603	1034	5.00e-134	470
TaAOX1a-2DL.sv1	regTaAOX-4BL.sv3	86.842	304	32	5	11	306	326	629	6.84e-93	333
TaAOX1a-2DL.sv1	regTaAOX-4BL.sv2	86.184	456	37	14	328	781	603	1034	5.00e-134	470
TaAOX1a-2DL.sv1	regTaAOX-4BL.sv2	86.842	304	32	5	11	306	326	629	6.84e-93	333
TaAOX1a-2DL.sv1	regTaAOX-4BL.sv1	86.184	456	37	14	328	781	603	1034	5.00e-134	470
TaAOX1a-2DL.sv1	regTaAOX-4BL.sv1	86.842	304	32	5	11	306	326	629	6.84e-93	333
TaAOX1a-2DL.sv1	TaAOX1d-2AL.1	87.500	360	45	0	1557	1916	595	954	6.60e-118	416
TaAOX1a-2DL.sv1	TaAOX1d-2AL.1	85.714	224	32	0	1440	1663	368	591	5.52e-64	237
TaAOX1a-2DL.sv1	regTaAOX-3B	87.075	294	38	0	1511	1804	850	1143	6.84e-93	333
TaAOX1a-2DL.sv1	AetAOX1d-like	87.778	270	33	0	1440	1709	598	867	6.89e-88	316
TaAOX1a-2DL.sv1	TaAOX1c-6BL.sv3	85.366	82	9	3	384	465	642	720	2.74e-17	82.4
TaAOX1a-2DL.sv1	TaAOX1c-6BL.sv2	85.366	82	9	3	384	465	642	720	2.74e-17	82.4
TaAOX1a-2DL.sv1	TaAOX1c-6BL.sv1	85.366	82	9	3	384	465	642	720	2.74e-17	82.4
TaAOX1a-2DL.sv1	TaAOX1c-6DL	85.185	81	9	3	384	464	595	672	9.84e-17	80.5
TaAOX1a-2DL.sv1	TaAOX1c-6AL	85.185	81	9	3	384	464	678	755	9.84e-17	80.5
TaAOX1a-2DL.sv1	TuAOX1c	92.157	51	4	0	414	464	3461	3511	1.65e-14	73.1
TaAOX1a-2DL.sv2	TaAOX1a-2DL.sv2	100.000	2419	0	0	1	2419	1	2419	0.0	4468
TaAOX1a-2DL.sv2	TaAOX1a-2DL.sv1	100.000	2419	0	0	1	2419	1	2419	0.0	4468
TaAOX1a-2DL.sv2	TaAOX1a-2AL.sv2	89.988	2457	105	52	1	2419	2	2355	0.0	3044
TaAOX1a-2DL.sv2	TaAOX1a-2AL.sv1	89.988	2457	105	52	1	2419	2	2355	0.0	3044
TaAOX1a-2DL.sv2	TaAOX1a-2BL	89.630	2488	122	59	1	2419	581	3001	0.0	3040
TaAOX1a-2DL.sv2	AetAOX1a	100.000	1379	0	0	713	2091	1	1379	0.0	2547
TaAOX1a-2DL.sv2	TuAOX1a	91.467	1418	47	34	713	2091	1	1383	0.0	1881
TaAOX1a-2DL.sv2	TaAOX1a-like-2DL	91.124	1014	51	18	1440	2419	495	1503	0.0	1338
TaAOX1a-2DL.sv2	AetAOX1d	87.841	477	58	0	1440	1916	353	829	2.88e-161	560
TaAOX1a-2DL.sv2	TaAOX1d-2DL	87.841	477	58	0	1440	1916	593	1069	2.88e-161	560
TaAOX1a-2DL.sv2	TuAOX1d.2	87.002	477	62	0	1440	1916	8242	8718	1.35e-154	538
TaAOX1a-2DL.sv2	AetAOX1e	85.685	496	71	0	1423	1918	2326	2821	3.78e-150	523
TaAOX1a-2DL.sv2	TuAOX1d.1	86.510	467	62	1	1454	1920	367	832	8.19e-147	512
TaAOX1a-2DL.sv2	TaAOX1d-2AL.2.sv2	86.510	467	62	1	1454	1920	608	1073	8.19e-147	512
TaAOX1a-2DL.sv2	TaAOX1d-2AL.2.sv1	86.510	467	62	1	1454	1920	613	1078	8.19e-147	512
TaAOX1a-2DL.sv2	regTaAOX-4BL.sv4	86.184	456	37	14	328	781	603	1034	5.00e-134	470
TaAOX1a-2DL.sv2	regTaAOX-4BL.sv4	86.842	304	32	5	11	306	326	629	6.84e-93	333
TaAOX1a-2DL.sv2	regTaAOX-4BL.sv3	86.184	456	37	14	328	781	603	1034	5.00e-134	470
TaAOX1a-2DL.sv2	regTaAOX-4BL.sv3	86.842	304	32	5	11	306	326	629	6.84e-93	333
TaAOX1a-2DL.sv2	regTaAOX-4BL.sv2	86.184	456	37	14	328	781	603	1034	5.00e-134	470
TaAOX1a-2DL.sv2	regTaAOX-4BL.sv2	86.842	304	32	5	11	306	326	629	6.84e-93	333
TaAOX1a-2DL.sv2	regTaAOX-4BL.sv1	86.184	456	37	14	328	781	603	1034	5.00e-134	470
TaAOX1a-2DL.sv2	regTaAOX-4BL.sv1	86.842	304	32	5	11	306	326	629	6.84e-93	333
TaAOX1a-2DL.sv2	TaAOX1d-2AL.1	87.500	360	45	0	1557	1916	595	954	6.60e-118	416
TaAOX1a-2DL.sv2	TaAOX1d-2AL.1	85.714	224	32	0	1440	1663	368	591	5.52e-64	237
TaAOX1a-2DL.sv2	regTaAOX-3B	87.075	294	38	0	1511	1804	850	1143	6.84e-93	333
TaAOX1a-2DL.sv2	AetAOX1d-like	87.778	270	33	0	1440	1709	598	867	6.89e-88	316
TaAOX1a-2DL.sv2	TaAOX1c-6BL.sv3	85.366	82	9	3	384	465	642	720	2.74e-17	82.4
TaAOX1a-2DL.sv2	TaAOX1c-6BL.sv2	85.366	82	9	3	384	465	642	720	2.74e-17	82.4
TaAOX1a-2DL.sv2	TaAOX1c-6BL.sv1	85.366	82	9	3	384	465	642	720	2.74e-17	82.4
TaAOX1a-2DL.sv2	TaAOX1c-6DL	85.185	81	9	3	384	464	595	672	9.84e-17	80.5
TaAOX1a-2DL.sv2	TaAOX1c-6AL	85.185	81	9	3	384	464	678	755	9.84e-17	80.5
TaAOX1a-2DL.sv2	TuAOX1c	92.157	51	4	0	414	464	3461	3511	1.65e-14	73.1
TaAOX1a-like-2DL	TaAOX1a-like-2DL	100.000	1515	0	0	1	1515	1	1515	0.0	2798
TaAOX1a-like-2DL	TaAOX1a-2AL.sv2	93.714	1034	55	6	486	1515	1340	2367	0.0	1541
TaAOX1a-like-2DL	TaAOX1a-2AL.sv1	93.714	1034	55	6	486	1515	1340	2367	0.0	1541
TaAOX1a-like-2DL	TaAOX1a-2BL	92.697	1027	60	8	495	1515	1996	3013	0.0	1467
TaAOX1a-like-2DL	TaAOX1a-2DL.sv2	91.124	1014	51	18	495	1503	1440	2419	0.0	1338
TaAOX1a-like-2DL	TaAOX1a-2DL.sv1	91.124	1014	51	18	495	1503	1440	2419	0.0	1338
TaAOX1a-like-2DL	AetAOX1d	89.514	782	77	5	194	971	49	829	0.0	985
TaAOX1a-like-2DL	TaAOX1d-2DL	89.258	782	79	5	194	971	289	1069	0.0	974
TaAOX1a-like-2DL	TuAOX1d.1	89.130	782	80	5	194	971	49	829	0.0	968
TaAOX1a-like-2DL	TuAOX1d.2	89.075	778	85	0	194	971	7941	8718	0.0	966
TaAOX1a-like-2DL	TaAOX1d-2AL.2.sv2	89.003	782	81	5	194	971	290	1070	0.0	963
TaAOX1a-like-2DL	TaAOX1d-2AL.2.sv1	89.003	782	81	5	194	971	295	1075	0.0	963
TaAOX1a-like-2DL	TuAOX1a	92.229	682	47	4	495	1173	705	1383	0.0	961
TaAOX1a-like-2DL	AetAOX1a	89.312	683	38	16	495	1173	728	1379	0.0	824
TaAOX1a-like-2DL	AetAOX1d-like	92.505	467	35	0	298	764	401	867	0.0	669
TaAOX1a-like-2DL	AetAOX1d-like	89.831	295	30	0	206	500	109	403	5.41e-107	379
TaAOX1a-like-2DL	TaAOX1d-2AL.1	89.524	525	55	0	194	718	67	591	0.0	665
TaAOX1a-like-2DL	TaAOX1d-2AL.1	88.122	362	43	0	610	971	593	954	1.47e-122	431
TaAOX1a-like-2DL	TaAOX1c-6BL.sv3	87.660	470	58	0	504	973	1024	1493	1.40e-157	547
TaAOX1a-like-2DL	TaAOX1c-6BL.sv2	87.660	470	58	0	504	973	1024	1493	1.40e-157	547
TaAOX1a-like-2DL	TaAOX1c-6BL.sv1	87.660	470	58	0	504	973	1024	1493	1.40e-157	547
TaAOX1a-like-2DL	TaAOX1c-6DL	87.447	470	59	0	504	973	968	1437	6.52e-156	542
TaAOX1a-like-2DL	AetAOX1e	83.958	480	75	2	495	973	2343	2821	6.75e-131	459
TaAOX1a-like-2DL	regTaAOX-3B	86.207	290	40	0	566	855	850	1139	1.55e-87	315
regTaAOX-4BL.sv1	regTaAOX-4BL.sv4	100.000	4284	0	0	1	4284	1	4284	0.0	7912
regTaAOX-4BL.sv1	regTaAOX-4BL.sv3	100.000	4284	0	0	1	4284	1	4284	0.0	7912
regTaAOX-4BL.sv1	regTaAOX-4BL.sv2	100.000	4284	0	0	1	4284	1	4284	0.0	7912
regTaAOX-4BL.sv1	regTaAOX-4BL.sv1	100.000	4284	0	0	1	4284	1	4284	0.0	7912
regTaAOX-4BL.sv1	TaAOX1a-2AL.sv2	87.062	742	60	12	326	1037	5	740	0.0	806
regTaAOX-4BL.sv1	TaAOX1a-2AL.sv1	87.062	742	60	12	326	1037	5	740	0.0	806
regTaAOX-4BL.sv1	TaAOX1a-2BL	85.126	753	67	21	326	1037	584	1332	0.0	728
regTaAOX-4BL.sv1	TaAOX1a-2DL.sv2	86.184	456	37	14	603	1034	328	781	8.88e-134	470
regTaAOX-4BL.sv1	TaAOX1a-2DL.sv2	86.842	304	32	5	326	629	11	306	1.22e-92	333
regTaAOX-4BL.sv1	TaAOX1a-2DL.sv1	86.184	456	37	14	603	1034	328	781	8.88e-134	470
regTaAOX-4BL.sv1	TaAOX1a-2DL.sv1	86.842	304	32	5	326	629	11	306	1.22e-92	333
regTaAOX-4BL.sv1	TuAOX1a	98.611	72	1	0	966	1037	1	72	6.16e-31	128
regTaAOX-4BL.sv1	AetAOX1a	98.551	69	1	0	966	1034	1	69	2.86e-29	122
regTaAOX-4BL.sv1	TaAOX1c-6BL.sv3	81.928	83	11	4	659	741	642	720	1.36e-12	67.6
regTaAOX-4BL.sv1	TaAOX1c-6BL.sv2	81.928	83	11	4	659	741	642	720	1.36e-12	67.6
regTaAOX-4BL.sv1	TaAOX1c-6BL.sv1	81.928	83	11	4	659	741	642	720	1.36e-12	67.6
regTaAOX-4BL.sv1	TaAOX1c-6DL	81.707	82	11	4	659	740	595	672	4.90e-12	65.8
regTaAOX-4BL.sv1	TaAOX1c-6AL	81.707	82	11	4	659	740	678	755	4.90e-12	65.8
regTaAOX-4BL.sv1	TuAOX1c	88.235	51	6	0	690	740	3461	3511	6.33e-11	62.1
regTaAOX-4BL.sv2	regTaAOX-4BL.sv4	100.000	4284	0	0	1	4284	1	4284	0.0	7912
regTaAOX-4BL.sv2	regTaAOX-4BL.sv3	100.000	4284	0	0	1	4284	1	4284	0.0	7912
regTaAOX-4BL.sv2	regTaAOX-4BL.sv2	100.000	4284	0	0	1	4284	1	4284	0.0	7912
regTaAOX-4BL.sv2	regTaAOX-4BL.sv1	100.000	4284	0	0	1	4284	1	4284	0.0	7912
regTaAOX-4BL.sv2	TaAOX1a-2AL.sv2	87.062	742	60	12	326	1037	5	740	0.0	806
regTaAOX-4BL.sv2	TaAOX1a-2AL.sv1	87.062	742	60	12	326	1037	5	740	0.0	806
regTaAOX-4BL.sv2	TaAOX1a-2BL	85.126	753	67	21	326	1037	584	1332	0.0	728
regTaAOX-4BL.sv2	TaAOX1a-2DL.sv2	86.184	456	37	14	603	1034	328	781	8.88e-134	470
regTaAOX-4BL.sv2	TaAOX1a-2DL.sv2	86.842	304	32	5	326	629	11	306	1.22e-92	333
regTaAOX-4BL.sv2	TaAOX1a-2DL.sv1	86.184	456	37	14	603	1034	328	781	8.88e-134	470
regTaAOX-4BL.sv2	TaAOX1a-2DL.sv1	86.842	304	32	5	326	629	11	306	1.22e-92	333
regTaAOX-4BL.sv2	TuAOX1a	98.611	72	1	0	966	1037	1	72	6.16e-31	128
regTaAOX-4BL.sv2	AetAOX1a	98.551	69	1	0	966	1034	1	69	2.86e-29	122
regTaAOX-4BL.sv2	TaAOX1c-6BL.sv3	81.928	83	11	4	659	741	642	720	1.36e-12	67.6
regTaAOX-4BL.sv2	TaAOX1c-6BL.sv2	81.928	83	11	4	659	741	642	720	1.36e-12	67.6
regTaAOX-4BL.sv2	TaAOX1c-6BL.sv1	81.928	83	11	4	659	741	642	720	1.36e-12	67.6
regTaAOX-4BL.sv2	TaAOX1c-6DL	81.707	82	11	4	659	740	595	672	4.90e-12	65.8
regTaAOX-4BL.sv2	TaAOX1c-6AL	81.707	82	11	4	659	740	678	755	4.90e-12	65.8
regTaAOX-4BL.sv2	TuAOX1c	88.235	51	6	0	690	740	3461	3511	6.33e-11	62.1
regTaAOX-4BL.sv3	regTaAOX-4BL.sv4	100.000	4284	0	0	1	4284	1	4284	0.0	7912
regTaAOX-4BL.sv3	regTaAOX-4BL.sv3	100.000	4284	0	0	1	4284	1	4284	0.0	7912
regTaAOX-4BL.sv3	regTaAOX-4BL.sv2	100.000	4284	0	0	1	4284	1	4284	0.0	7912
regTaAOX-4BL.sv3	regTaAOX-4BL.sv1	100.000	4284	0	0	1	4284	1	4284	0.0	7912
regTaAOX-4BL.sv3	TaAOX1a-2AL.sv2	87.062	742	60	12	326	1037	5	740	0.0	806
regTaAOX-4BL.sv3	TaAOX1a-2AL.sv1	87.062	742	60	12	326	1037	5	740	0.0	806
regTaAOX-4BL.sv3	TaAOX1a-2BL	85.126	753	67	21	326	1037	584	1332	0.0	728
regTaAOX-4BL.sv3	TaAOX1a-2DL.sv2	86.184	456	37	14	603	1034	328	781	8.88e-134	470
regTaAOX-4BL.sv3	TaAOX1a-2DL.sv2	86.842	304	32	5	326	629	11	306	1.22e-92	333
regTaAOX-4BL.sv3	TaAOX1a-2DL.sv1	86.184	456	37	14	603	1034	328	781	8.88e-134	470
regTaAOX-4BL.sv3	TaAOX1a-2DL.sv1	86.842	304	32	5	326	629	11	306	1.22e-92	333
regTaAOX-4BL.sv3	TuAOX1a	98.611	72	1	0	966	1037	1	72	6.16e-31	128
regTaAOX-4BL.sv3	AetAOX1a	98.551	69	1	0	966	1034	1	69	2.86e-29	122
regTaAOX-4BL.sv3	TaAOX1c-6BL.sv3	81.928	83	11	4	659	741	642	720	1.36e-12	67.6
regTaAOX-4BL.sv3	TaAOX1c-6BL.sv2	81.928	83	11	4	659	741	642	720	1.36e-12	67.6
regTaAOX-4BL.sv3	TaAOX1c-6BL.sv1	81.928	83	11	4	659	741	642	720	1.36e-12	67.6
regTaAOX-4BL.sv3	TaAOX1c-6DL	81.707	82	11	4	659	740	595	672	4.90e-12	65.8
regTaAOX-4BL.sv3	TaAOX1c-6AL	81.707	82	11	4	659	740	678	755	4.90e-12	65.8
regTaAOX-4BL.sv3	TuAOX1c	88.235	51	6	0	690	740	3461	3511	6.33e-11	62.1
regTaAOX-4BL.sv4	regTaAOX-4BL.sv4	100.000	4284	0	0	1	4284	1	4284	0.0	7912
regTaAOX-4BL.sv4	regTaAOX-4BL.sv3	100.000	4284	0	0	1	4284	1	4284	0.0	7912
regTaAOX-4BL.sv4	regTaAOX-4BL.sv2	100.000	4284	0	0	1	4284	1	4284	0.0	7912
regTaAOX-4BL.sv4	regTaAOX-4BL.sv1	100.000	4284	0	0	1	4284	1	4284	0.0	7912
regTaAOX-4BL.sv4	TaAOX1a-2AL.sv2	87.062	742	60	12	326	1037	5	740	0.0	806
regTaAOX-4BL.sv4	TaAOX1a-2AL.sv1	87.062	742	60	12	326	1037	5	740	0.0	806
regTaAOX-4BL.sv4	TaAOX1a-2BL	85.126	753	67	21	326	1037	584	1332	0.0	728
regTaAOX-4BL.sv4	TaAOX1a-2DL.sv2	86.184	456	37	14	603	1034	328	781	8.88e-134	470
regTaAOX-4BL.sv4	TaAOX1a-2DL.sv2	86.842	304	32	5	326	629	11	306	1.22e-92	333
regTaAOX-4BL.sv4	TaAOX1a-2DL.sv1	86.184	456	37	14	603	1034	328	781	8.88e-134	470
regTaAOX-4BL.sv4	TaAOX1a-2DL.sv1	86.842	304	32	5	326	629	11	306	1.22e-92	333
regTaAOX-4BL.sv4	TuAOX1a	98.611	72	1	0	966	1037	1	72	6.16e-31	128
regTaAOX-4BL.sv4	AetAOX1a	98.551	69	1	0	966	1034	1	69	2.86e-29	122
regTaAOX-4BL.sv4	TaAOX1c-6BL.sv3	81.928	83	11	4	659	741	642	720	1.36e-12	67.6
regTaAOX-4BL.sv4	TaAOX1c-6BL.sv2	81.928	83	11	4	659	741	642	720	1.36e-12	67.6
regTaAOX-4BL.sv4	TaAOX1c-6BL.sv1	81.928	83	11	4	659	741	642	720	1.36e-12	67.6
regTaAOX-4BL.sv4	TaAOX1c-6DL	81.707	82	11	4	659	740	595	672	4.90e-12	65.8
regTaAOX-4BL.sv4	TaAOX1c-6AL	81.707	82	11	4	659	740	678	755	4.90e-12	65.8
regTaAOX-4BL.sv4	TuAOX1c	88.235	51	6	0	690	740	3461	3511	6.33e-11	62.1
TaAOX1c-6AL	TaAOX1c-6AL	100.000	2019	0	0	1	2019	1	2019	0.0	3729
TaAOX1c-6AL	TaAOX1c-6BL.sv3	92.139	1870	80	27	86	1929	58	1886	0.0	2577
TaAOX1c-6AL	TaAOX1c-6BL.sv3	92.537	67	0	2	1	62	6	72	3.79e-20	91.6
TaAOX1c-6AL	TaAOX1c-6BL.sv2	92.139	1870	80	27	86	1929	58	1886	0.0	2577
TaAOX1c-6AL	TaAOX1c-6BL.sv2	92.537	67	0	2	1	62	6	72	3.79e-20	91.6
TaAOX1c-6AL	TaAOX1c-6BL.sv1	92.139	1870	80	27	86	1929	58	1886	0.0	2577
TaAOX1c-6AL	TaAOX1c-6BL.sv1	92.537	67	0	2	1	62	6	72	3.79e-20	91.6
TaAOX1c-6AL	TaAOX1c-6DL	92.829	1799	73	23	86	1852	3	1777	0.0	2556
TaAOX1c-6AL	TuAOX1c	99.805	1028	2	0	686	1713	3442	4469	0.0	1888
TaAOX1c-6AL	TuAOX1c	97.297	74	2	0	1	74	2829	2902	1.04e-30	126
TaAOX1c-6AL	TuAOX1d.2	86.111	468	63	2	1053	1519	8247	8713	4.11e-144	503
TaAOX1c-6AL	AetAOX1d	85.897	468	64	2	1053	1519	358	824	1.91e-142	497
TaAOX1c-6AL	TaAOX1d-2DL	85.897	468	64	2	1053	1519	598	1064	1.91e-142	497
TaAOX1c-6AL	TuAOX1d.1	85.621	459	64	2	1062	1519	367	824	1.92e-137	481
TaAOX1c-6AL	TaAOX1d-2AL.2.sv2	85.621	459	64	2	1062	1519	608	1065	1.92e-137	481
TaAOX1c-6AL	TaAOX1d-2AL.2.sv1	85.621	459	64	2	1062	1519	613	1070	1.92e-137	481
TaAOX1c-6AL	TaAOX1d-2AL.1	86.236	356	47	2	1165	1519	595	949	1.55e-108	385
TaAOX1c-6AL	AetAOX1d-like	85.714	266	36	2	1053	1317	603	867	7.53e-77	279
TaAOX1c-6AL	AetAOX1d-like	91.667	84	7	0	1436	1519	1051	1134	6.25e-28	117
TaAOX1c-6AL	TaAOX1a-2DL.sv2	85.185	81	9	3	678	755	384	464	8.20e-17	80.5
TaAOX1c-6AL	TaAOX1a-2DL.sv1	85.185	81	9	3	678	755	384	464	8.20e-17	80.5
TaAOX1c-6AL	TaAOX1a-2BL	85.185	81	9	3	678	755	954	1034	8.20e-17	80.5
TaAOX1c-6AL	TaAOX1a-2AL.sv2	85.185	81	9	3	678	755	360	440	8.20e-17	80.5
TaAOX1c-6AL	TaAOX1a-2AL.sv1	85.185	81	9	3	678	755	360	440	8.20e-17	80.5
TaAOX1c-6AL	regTaAOX-4BL.sv4	81.707	82	11	4	678	755	659	740	2.30e-12	65.8
TaAOX1c-6AL	regTaAOX-4BL.sv3	81.707	82	11	4	678	755	659	740	2.30e-12	65.8
TaAOX1c-6AL	regTaAOX-4BL.sv2	81.707	82	11	4	678	755	659	740	2.30e-12	65.8
TaAOX1c-6AL	regTaAOX-4BL.sv1	81.707	82	11	4	678	755	659	740	2.30e-12	65.8
TaAOX1c-6BL.sv1	TaAOX1c-6BL.sv3	100.000	2207	0	0	1	2207	1	2207	0.0	4076
TaAOX1c-6BL.sv1	TaAOX1c-6BL.sv2	100.000	2207	0	0	1	2207	1	2207	0.0	4076
TaAOX1c-6BL.sv1	TaAOX1c-6BL.sv1	100.000	2207	0	0	1	2207	1	2207	0.0	4076
TaAOX1c-6BL.sv1	TaAOX1c-6AL	92.139	1870	80	27	58	1886	86	1929	0.0	2577
TaAOX1c-6BL.sv1	TaAOX1c-6AL	92.537	67	0	2	6	72	1	62	4.14e-20	91.6
TaAOX1c-6BL.sv1	TaAOX1c-6DL	90.481	1807	89	37	56	1809	1	1777	0.0	2307
TaAOX1c-6BL.sv1	TuAOX1c	93.545	1038	31	14	650	1661	3442	4469	0.0	1513
TaAOX1c-6BL.sv1	TuAOX1c	91.667	72	1	2	1	72	2824	2890	3.20e-21	95.3
TaAOX1c-6BL.sv1	TaAOX1a-like-2DL	87.660	470	58	0	1024	1493	504	973	2.05e-157	547
TaAOX1c-6BL.sv1	AetAOX1d	86.296	467	64	0	1020	1486	358	824	9.66e-146	508
TaAOX1c-6BL.sv1	TaAOX1d-2DL	86.296	467	64	0	1020	1486	598	1064	9.66e-146	508
TaAOX1c-6BL.sv1	TuAOX1d.2	86.081	467	65	0	1020	1486	8247	8713	4.49e-144	503
TaAOX1c-6BL.sv1	TuAOX1d.1	84.746	472	71	1	1029	1500	367	837	1.27e-134	472
TaAOX1c-6BL.sv1	TaAOX1d-2AL.2.sv2	84.746	472	71	1	1029	1500	608	1078	1.27e-134	472
TaAOX1c-6BL.sv1	TaAOX1d-2AL.2.sv1	84.746	472	71	1	1029	1500	613	1083	1.27e-134	472
TaAOX1c-6BL.sv1	TaAOX1d-2AL.1	86.479	355	48	0	1132	1486	595	949	3.65e-110	390
TaAOX1c-6BL.sv1	AetAOX1d-like	84.906	265	40	0	1020	1284	603	867	1.78e-73	268
TaAOX1c-6BL.sv1	TaAOX1a-2DL.sv2	85.366	82	9	3	642	720	384	465	2.49e-17	82.4
TaAOX1c-6BL.sv1	TaAOX1a-2DL.sv1	85.366	82	9	3	642	720	384	465	2.49e-17	82.4
TaAOX1c-6BL.sv1	TaAOX1a-2BL	85.366	82	9	3	642	720	954	1035	2.49e-17	82.4
TaAOX1c-6BL.sv1	TaAOX1a-2AL.sv2	85.366	82	9	3	642	720	360	441	2.49e-17	82.4
TaAOX1c-6BL.sv1	TaAOX1a-2AL.sv1	85.366	82	9	3	642	720	360	441	2.49e-17	82.4
TaAOX1c-6BL.sv1	regTaAOX-4BL.sv4	81.928	83	11	4	642	720	659	741	6.98e-13	67.6
TaAOX1c-6BL.sv1	regTaAOX-4BL.sv3	81.928	83	11	4	642	720	659	741	6.98e-13	67.6
TaAOX1c-6BL.sv1	regTaAOX-4BL.sv2	81.928	83	11	4	642	720	659	741	6.98e-13	67.6
TaAOX1c-6BL.sv1	regTaAOX-4BL.sv1	81.928	83	11	4	642	720	659	741	6.98e-13	67.6
TaAOX1c-6BL.sv2	TaAOX1c-6BL.sv3	100.000	2207	0	0	1	2207	1	2207	0.0	4076
TaAOX1c-6BL.sv2	TaAOX1c-6BL.sv2	100.000	2207	0	0	1	2207	1	2207	0.0	4076
TaAOX1c-6BL.sv2	TaAOX1c-6BL.sv1	100.000	2207	0	0	1	2207	1	2207	0.0	4076
TaAOX1c-6BL.sv2	TaAOX1c-6AL	92.139	1870	80	27	58	1886	86	1929	0.0	2577
TaAOX1c-6BL.sv2	TaAOX1c-6AL	92.537	67	0	2	6	72	1	62	4.14e-20	91.6
TaAOX1c-6BL.sv2	TaAOX1c-6DL	90.481	1807	89	37	56	1809	1	1777	0.0	2307
TaAOX1c-6BL.sv2	TuAOX1c	93.545	1038	31	14	650	1661	3442	4469	0.0	1513
TaAOX1c-6BL.sv2	TuAOX1c	91.667	72	1	2	1	72	2824	2890	3.20e-21	95.3
TaAOX1c-6BL.sv2	TaAOX1a-like-2DL	87.660	470	58	0	1024	1493	504	973	2.05e-157	547
TaAOX1c-6BL.sv2	AetAOX1d	86.296	467	64	0	1020	1486	358	824	9.66e-146	508
TaAOX1c-6BL.sv2	TaAOX1d-2DL	86.296	467	64	0	1020	1486	598	1064	9.66e-146	508
TaAOX1c-6BL.sv2	TuAOX1d.2	86.081	467	65	0	1020	1486	8247	8713	4.49e-144	503
TaAOX1c-6BL.sv2	TuAOX1d.1	84.746	472	71	1	1029	1500	367	837	1.27e-134	472
TaAOX1c-6BL.sv2	TaAOX1d-2AL.2.sv2	84.746	472	71	1	1029	1500	608	1078	1.27e-134	472
TaAOX1c-6BL.sv2	TaAOX1d-2AL.2.sv1	84.746	472	71	1	1029	1500	613	1083	1.27e-134	472
TaAOX1c-6BL.sv2	TaAOX1d-2AL.1	86.479	355	48	0	1132	1486	595	949	3.65e-110	390
TaAOX1c-6BL.sv2	AetAOX1d-like	84.906	265	40	0	1020	1284	603	867	1.78e-73	268
TaAOX1c-6BL.sv2	TaAOX1a-2DL.sv2	85.366	82	9	3	642	720	384	465	2.49e-17	82.4
TaAOX1c-6BL.sv2	TaAOX1a-2DL.sv1	85.366	82	9	3	642	720	384	465	2.49e-17	82.4
TaAOX1c-6BL.sv2	TaAOX1a-2BL	85.366	82	9	3	642	720	954	1035	2.49e-17	82.4
TaAOX1c-6BL.sv2	TaAOX1a-2AL.sv2	85.366	82	9	3	642	720	360	441	2.49e-17	82.4
TaAOX1c-6BL.sv2	TaAOX1a-2AL.sv1	85.366	82	9	3	642	720	360	441	2.49e-17	82.4
TaAOX1c-6BL.sv2	regTaAOX-4BL.sv4	81.928	83	11	4	642	720	659	741	6.98e-13	67.6
TaAOX1c-6BL.sv2	regTaAOX-4BL.sv3	81.928	83	11	4	642	720	659	741	6.98e-13	67.6
TaAOX1c-6BL.sv2	regTaAOX-4BL.sv2	81.928	83	11	4	642	720	659	741	6.98e-13	67.6
TaAOX1c-6BL.sv2	regTaAOX-4BL.sv1	81.928	83	11	4	642	720	659	741	6.98e-13	67.6
TaAOX1c-6BL.sv3	TaAOX1c-6BL.sv3	100.000	2207	0	0	1	2207	1	2207	0.0	4076
TaAOX1c-6BL.sv3	TaAOX1c-6BL.sv2	100.000	2207	0	0	1	2207	1	2207	0.0	4076
TaAOX1c-6BL.sv3	TaAOX1c-6BL.sv1	100.000	2207	0	0	1	2207	1	2207	0.0	4076
TaAOX1c-6BL.sv3	TaAOX1c-6AL	92.139	1870	80	27	58	1886	86	1929	0.0	2577
TaAOX1c-6BL.sv3	TaAOX1c-6AL	92.537	67	0	2	6	72	1	62	4.14e-20	91.6
TaAOX1c-6BL.sv3	TaAOX1c-6DL	90.481	1807	89	37	56	1809	1	1777	0.0	2307
TaAOX1c-6BL.sv3	TuAOX1c	93.545	1038	31	14	650	1661	3442	4469	0.0	1513
TaAOX1c-6BL.sv3	TuAOX1c	91.667	72	1	2	1	72	2824	2890	3.20e-21	95.3
TaAOX1c-6BL.sv3	TaAOX1a-like-2DL	87.660	470	58	0	1024	1493	504	973	2.05e-157	547
TaAOX1c-6BL.sv3	AetAOX1d	86.296	467	64	0	1020	1486	358	824	9.66e-146	508
TaAOX1c-6BL.sv3	TaAOX1d-2DL	86.296	467	64	0	1020	1486	598	1064	9.66e-146	508
TaAOX1c-6BL.sv3	TuAOX1d.2	86.081	467	65	0	1020	1486	8247	8713	4.49e-144	503
TaAOX1c-6BL.sv3	TuAOX1d.1	84.746	472	71	1	1029	1500	367	837	1.27e-134	472
TaAOX1c-6BL.sv3	TaAOX1d-2AL.2.sv2	84.746	472	71	1	1029	1500	608	1078	1.27e-134	472
TaAOX1c-6BL.sv3	TaAOX1d-2AL.2.sv1	84.746	472	71	1	1029	1500	613	1083	1.27e-134	472
TaAOX1c-6BL.sv3	TaAOX1d-2AL.1	86.479	355	48	0	1132	1486	595	949	3.65e-110	390
TaAOX1c-6BL.sv3	AetAOX1d-like	84.906	265	40	0	1020	1284	603	867	1.78e-73	268
TaAOX1c-6BL.sv3	TaAOX1a-2DL.sv2	85.366	82	9	3	642	720	384	465	2.49e-17	82.4
TaAOX1c-6BL.sv3	TaAOX1a-2DL.sv1	85.366	82	9	3	642	720	384	465	2.49e-17	82.4
TaAOX1c-6BL.sv3	TaAOX1a-2BL	85.366	82	9	3	642	720	954	1035	2.49e-17	82.4
TaAOX1c-6BL.sv3	TaAOX1a-2AL.sv2	85.366	82	9	3	642	720	360	441	2.49e-17	82.4
TaAOX1c-6BL.sv3	TaAOX1a-2AL.sv1	85.366	82	9	3	642	720	360	441	2.49e-17	82.4
TaAOX1c-6BL.sv3	regTaAOX-4BL.sv4	81.928	83	11	4	642	720	659	741	6.98e-13	67.6
TaAOX1c-6BL.sv3	regTaAOX-4BL.sv3	81.928	83	11	4	642	720	659	741	6.98e-13	67.6
TaAOX1c-6BL.sv3	regTaAOX-4BL.sv2	81.928	83	11	4	642	720	659	741	6.98e-13	67.6
TaAOX1c-6BL.sv3	regTaAOX-4BL.sv1	81.928	83	11	4	642	720	659	741	6.98e-13	67.6
TaAOX1c-6DL	TaAOX1c-6DL	100.000	2075	0	0	1	2075	1	2075	0.0	3832
TaAOX1c-6DL	TaAOX1c-6AL	92.833	1800	71	25	3	1777	86	1852	0.0	2556
TaAOX1c-6DL	TaAOX1c-6BL.sv3	90.455	1802	99	32	1	1777	56	1809	0.0	2307
TaAOX1c-6DL	TaAOX1c-6BL.sv2	90.455	1802	99	32	1	1777	56	1809	0.0	2307
TaAOX1c-6DL	TaAOX1c-6BL.sv1	90.455	1802	99	32	1	1777	56	1809	0.0	2307
TaAOX1c-6DL	TuAOX1c	94.203	1035	37	16	603	1621	3442	4469	0.0	1557
TaAOX1c-6DL	TaAOX1a-like-2DL	87.447	470	59	0	968	1437	504	973	8.95e-156	542
TaAOX1c-6DL	AetAOX1d	85.897	468	64	2	964	1430	358	824	1.96e-142	497
TaAOX1c-6DL	TuAOX1d.2	85.897	468	64	2	964	1430	8247	8713	1.96e-142	497
TaAOX1c-6DL	TaAOX1d-2DL	85.897	468	64	2	964	1430	598	1064	1.96e-142	497
TaAOX1c-6DL	TuAOX1d.1	85.185	459	66	2	973	1430	367	824	4.28e-134	470
TaAOX1c-6DL	TaAOX1d-2AL.2.sv2	85.185	459	66	2	973	1430	608	1065	4.28e-134	470
TaAOX1c-6DL	TaAOX1d-2AL.2.sv1	85.185	459	66	2	973	1430	613	1070	4.28e-134	470
TaAOX1c-6DL	TaAOX1d-2AL.1	85.674	356	49	2	1076	1430	595	949	3.45e-105	374
TaAOX1c-6DL	AetAOX1d-like	86.466	266	34	2	964	1228	603	867	3.58e-80	291
TaAOX1c-6DL	TaAOX1a-2DL.sv2	85.185	81	9	3	595	672	384	464	8.43e-17	80.5
TaAOX1c-6DL	TaAOX1a-2DL.sv1	85.185	81	9	3	595	672	384	464	8.43e-17	80.5
TaAOX1c-6DL	TaAOX1a-2BL	85.185	81	9	3	595	672	954	1034	8.43e-17	80.5
TaAOX1c-6DL	TaAOX1a-2AL.sv2	85.185	81	9	3	595	672	360	440	8.43e-17	80.5
TaAOX1c-6DL	TaAOX1a-2AL.sv1	85.185	81	9	3	595	672	360	440	8.43e-17	80.5
TaAOX1c-6DL	regTaAOX-4BL.sv4	81.707	82	11	4	595	672	659	740	2.36e-12	65.8
TaAOX1c-6DL	regTaAOX-4BL.sv3	81.707	82	11	4	595	672	659	740	2.36e-12	65.8
TaAOX1c-6DL	regTaAOX-4BL.sv2	81.707	82	11	4	595	672	659	740	2.36e-12	65.8
TaAOX1c-6DL	regTaAOX-4BL.sv1	81.707	82	11	4	595	672	659	740	2.36e-12	65.8
regTaAOX-3B	regTaAOX-3B	100.000	1456	0	0	1	1456	1	1456	0.0	2689
regTaAOX-3B	AetAOX1e	88.177	702	54	24	3	695	1569	2250	0.0	809
regTaAOX-3B	AetAOX1e	97.288	295	8	0	849	1143	2413	2707	1.06e-143	501
regTaAOX-3B	AetAOX1e	93.367	196	6	3	1133	1328	2770	2958	4.19e-78	283
regTaAOX-3B	TuAOX1a	87.755	294	36	0	850	1143	776	1069	1.89e-96	344
regTaAOX-3B	AetAOX1a	87.075	294	38	0	850	1143	799	1092	4.10e-93	333
regTaAOX-3B	TaAOX1a-2DL.sv2	87.075	294	38	0	850	1143	1511	1804	4.10e-93	333
regTaAOX-3B	TaAOX1a-2DL.sv1	87.075	294	38	0	850	1143	1511	1804	4.10e-93	333
regTaAOX-3B	TaAOX1a-2AL.sv2	86.897	290	38	0	850	1139	1420	1709	6.86e-91	326
regTaAOX-3B	TaAOX1a-2AL.sv1	86.897	290	38	0	850	1139	1420	1709	6.86e-91	326
regTaAOX-3B	TaAOX1a-2BL	86.395	294	40	0	850	1143	2067	2360	8.88e-90	322
regTaAOX-3B	TaAOX1a-like-2DL	86.207	290	40	0	850	1139	566	855	1.49e-87	315
regTaAOX-3B	TuAOX1d.2	85.034	294	44	0	850	1143	8313	8606	4.16e-83	300
regTaAOX-3B	TaAOX1d-2DL	83.673	294	48	0	850	1143	664	957	1.95e-76	278
regTaAOX-3B	TuAOX1d.1	82.993	294	50	0	850	1143	424	717	4.22e-73	267
regTaAOX-3B	TaAOX1d-2AL.2.sv2	82.993	294	50	0	850	1143	665	958	4.22e-73	267
regTaAOX-3B	TaAOX1d-2AL.2.sv1	82.993	294	50	0	850	1143	670	963	4.22e-73	267
regTaAOX-3B	TaAOX1d-2AL.1	85.366	246	36	0	898	1143	597	842	9.13e-70	255
regTaAOX-3B	TaAOX1d-2AL.1	87.582	153	19	0	850	1002	439	591	2.03e-46	178
regTaAOX-3B	AetAOX1d-like	85.427	199	29	0	850	1048	669	867	2.59e-55	207
TaAOX1d-2AL.1	TaAOX1d-2AL.1	100.000	1290	0	0	1	1290	1	1290	0.0	2379
TaAOX1d-2AL.1	TaAOX1d-2AL.1	100.000	109	0	0	593	701	483	591	1.07e-53	202
TaAOX1d-2AL.1	TaAOX1d-2AL.1	100.000	109	0	0	483	591	593	701	1.07e-53	202
TaAOX1d-2AL.1	TuAOX1d.2	96.447	591	21	0	1	591	7875	8465	0.0	976
TaAOX1d-2AL.1	TuAOX1d.2	99.525	421	2	0	593	1013	8357	8777	0.0	767
TaAOX1d-2AL.1	TaAOX1d-2AL.2.sv2	90.909	594	51	3	1	591	224	817	0.0	795
TaAOX1d-2AL.1	TaAOX1d-2AL.2.sv2	89.674	552	37	15	593	1135	709	1249	0.0	686
TaAOX1d-2AL.1	TaAOX1d-2AL.2.sv1	90.909	594	51	3	1	591	229	822	0.0	795
TaAOX1d-2AL.1	TaAOX1d-2AL.2.sv1	89.674	552	37	15	593	1135	714	1254	0.0	686
TaAOX1d-2AL.1	TaAOX1d-2DL	90.572	594	53	3	1	591	223	816	0.0	784
TaAOX1d-2AL.1	TaAOX1d-2DL	88.146	658	55	16	593	1242	708	1350	0.0	761
TaAOX1d-2AL.1	TuAOX1d.1	90.799	576	50	3	19	591	1	576	0.0	767
TaAOX1d-2AL.1	TuAOX1d.1	93.587	421	27	0	593	1013	468	888	0.0	628
TaAOX1d-2AL.1	AetAOX1d	90.625	576	51	3	19	591	1	576	0.0	761
TaAOX1d-2AL.1	AetAOX1d	94.774	421	22	0	593	1013	468	888	0.0	656
TaAOX1d-2AL.1	AetAOX1d-like	97.129	418	12	0	174	591	404	821	0.0	706
TaAOX1d-2AL.1	AetAOX1d-like	93.939	297	18	0	77	373	107	403	3.45e-128	449
TaAOX1d-2AL.1	AetAOX1d-like	98.065	155	3	0	593	747	713	867	2.88e-74	270
TaAOX1d-2AL.1	AetAOX1d-like	97.297	148	4	0	866	1013	1051	1198	1.04e-68	252
TaAOX1d-2AL.1	TaAOX1a-like-2DL	89.524	525	55	0	67	591	194	718	0.0	665
TaAOX1d-2AL.1	TaAOX1a-like-2DL	88.122	362	43	0	593	954	610	971	1.25e-122	431
TaAOX1d-2AL.1	AetAOX1a	87.500	360	45	0	595	954	845	1204	3.50e-118	416
TaAOX1d-2AL.1	AetAOX1a	85.714	224	32	0	368	591	728	951	2.93e-64	237
TaAOX1d-2AL.1	TaAOX1a-2DL.sv2	87.500	360	45	0	595	954	1557	1916	3.50e-118	416
TaAOX1d-2AL.1	TaAOX1a-2DL.sv2	85.714	224	32	0	368	591	1440	1663	2.93e-64	237
TaAOX1d-2AL.1	TaAOX1a-2DL.sv1	87.500	360	45	0	595	954	1557	1916	3.50e-118	416
TaAOX1d-2AL.1	TaAOX1a-2DL.sv1	85.714	224	32	0	368	591	1440	1663	2.93e-64	237
TaAOX1d-2AL.1	TaAOX1a-2BL	87.500	360	45	0	595	954	2113	2472	3.50e-118	416
TaAOX1d-2AL.1	TaAOX1a-2BL	84.821	224	34	0	368	591	1996	2219	6.33e-61	226
TaAOX1d-2AL.1	TuAOX1a	87.222	360	46	0	595	954	822	1181	1.63e-116	411
TaAOX1d-2AL.1	TuAOX1a	84.821	224	34	0	368	591	705	928	6.33e-61	226
TaAOX1d-2AL.1	TaAOX1a-2AL.sv2	86.944	360	47	0	595	954	1466	1825	7.58e-115	405
TaAOX1d-2AL.1	TaAOX1a-2AL.sv2	85.408	233	34	0	359	591	1340	1572	6.29e-66	243
TaAOX1d-2AL.1	TaAOX1a-2AL.sv1	86.944	360	47	0	595	954	1466	1825	7.58e-115	405
TaAOX1d-2AL.1	TaAOX1a-2AL.sv1	85.408	233	34	0	359	591	1340	1572	6.29e-66	243
TaAOX1d-2AL.1	TuAOX1c	86.517	356	46	2	595	949	3921	4275	2.12e-110	390
TaAOX1d-2AL.1	TaAOX1c-6BL.sv3	86.479	355	48	0	595	949	1132	1486	2.12e-110	390
TaAOX1d-2AL.1	TaAOX1c-6BL.sv2	86.479	355	48	0	595	949	1132	1486	2.12e-110	390
TaAOX1d-2AL.1	TaAOX1c-6BL.sv1	86.479	355	48	0	595	949	1132	1486	2.12e-110	390
TaAOX1d-2AL.1	TaAOX1c-6AL	86.236	356	47	2	595	949	1165	1519	9.87e-109	385
TaAOX1d-2AL.1	TaAOX1c-6DL	85.674	356	49	2	595	949	1076	1430	2.14e-105	374
TaAOX1d-2AL.1	AetAOX1e	83.944	355	57	0	595	949	2460	2814	2.17e-95	340
TaAOX1d-2AL.1	AetAOX1e	83.111	225	36	2	368	591	2343	2566	2.97e-54	204
TaAOX1d-2AL.1	regTaAOX-3B	85.366	246	36	0	597	842	898	1143	8.08e-70	255
TaAOX1d-2AL.1	regTaAOX-3B	87.582	153	19	0	439	591	850	1002	1.80e-46	178
TaAOX1d-2AL.2.sv1	TaAOX1d-2AL.2.sv1	100.000	1423	0	0	1	1423	1	1423	0.0	2628
TaAOX1d-2AL.2.sv1	TaAOX1d-2AL.2.sv2	100.000	1418	0	0	6	1423	1	1418	0.0	2619
TaAOX1d-2AL.2.sv1	TaAOX1d-2DL	96.580	1199	32	3	1	1198	1	1191	0.0	1978
TaAOX1d-2AL.2.sv1	TuAOX1d.1	99.887	888	1	0	247	1134	1	888	0.0	1635
TaAOX1d-2AL.2.sv1	AetAOX1d	96.847	888	28	0	247	1134	1	888	0.0	1485
TaAOX1d-2AL.2.sv1	TuAOX1d.2	91.038	915	69	11	225	1134	7871	8777	0.0	1223
TaAOX1d-2AL.2.sv1	TaAOX1a-like-2DL	89.003	782	81	5	295	1075	194	971	0.0	963
TaAOX1d-2AL.2.sv1	TaAOX1d-2AL.1	90.909	594	51	3	229	822	1	591	0.0	795
TaAOX1d-2AL.2.sv1	TaAOX1d-2AL.1	89.674	552	37	15	714	1254	593	1135	0.0	686
TaAOX1d-2AL.2.sv1	AetAOX1d-like	93.089	463	32	0	406	868	405	867	0.0	678
TaAOX1d-2AL.2.sv1	AetAOX1d-like	87.291	299	33	5	305	602	107	401	3.10e-94	337
TaAOX1d-2AL.2.sv1	AetAOX1d-like	95.946	148	6	0	987	1134	1051	1198	2.50e-65	241
TaAOX1d-2AL.2.sv1	AetAOX1a	86.510	467	62	1	613	1078	742	1208	4.79e-147	512
TaAOX1d-2AL.2.sv1	TaAOX1a-2DL.sv2	86.510	467	62	1	613	1078	1454	1920	4.79e-147	512
TaAOX1d-2AL.2.sv1	TaAOX1a-2DL.sv1	86.510	467	62	1	613	1078	1454	1920	4.79e-147	512
TaAOX1d-2AL.2.sv1	TaAOX1a-2BL	86.081	467	64	1	613	1078	2010	2476	1.04e-143	501
TaAOX1d-2AL.2.sv1	TaAOX1a-2AL.sv2	85.867	467	65	1	613	1078	1363	1829	4.83e-142	496
TaAOX1d-2AL.2.sv1	TaAOX1a-2AL.sv1	85.867	467	65	1	613	1078	1363	1829	4.83e-142	496
TaAOX1d-2AL.2.sv1	TuAOX1a	85.745	463	66	0	613	1075	719	1181	2.25e-140	490
TaAOX1d-2AL.2.sv1	TuAOX1c	85.839	459	63	2	613	1070	3818	4275	2.91e-139	486
TaAOX1d-2AL.2.sv1	TaAOX1c-6AL	85.621	459	64	2	613	1070	1062	1519	1.35e-137	481
TaAOX1d-2AL.2.sv1	TaAOX1c-6BL.sv3	84.746	472	71	1	613	1083	1029	1500	8.14e-135	472
TaAOX1d-2AL.2.sv1	TaAOX1c-6BL.sv2	84.746	472	71	1	613	1083	1029	1500	8.14e-135	472
TaAOX1d-2AL.2.sv1	TaAOX1c-6BL.sv1	84.746	472	71	1	613	1083	1029	1500	8.14e-135	472
TaAOX1d-2AL.2.sv1	TaAOX1c-6DL	85.185	459	66	2	613	1070	973	1430	2.93e-134	470
TaAOX1d-2AL.2.sv1	AetAOX1e	82.135	459	80	2	613	1070	2357	2814	6.52e-111	392
TaAOX1d-2AL.2.sv1	regTaAOX-3B	82.993	294	50	0	670	963	850	1143	4.12e-73	267
TaAOX1d-2AL.2.sv2	TaAOX1d-2AL.2.sv2	100.000	2395	0	0	1	2395	1	2395	0.0	4423
TaAOX1d-2AL.2.sv2	TaAOX1d-2AL.2.sv1	100.000	1418	0	0	1	1418	6	1423	0.0	2619
TaAOX1d-2AL.2.sv2	TaAOX1d-2DL	96.566	1194	32	3	1	1193	6	1191	0.0	1969
TaAOX1d-2AL.2.sv2	TuAOX1d.1	99.887	888	1	0	242	1129	1	888	0.0	1635
TaAOX1d-2AL.2.sv2	AetAOX1d	96.847	888	28	0	242	1129	1	888	0.0	1485
TaAOX1d-2AL.2.sv2	TuAOX1d.2	91.038	915	69	11	220	1129	7871	8777	0.0	1223
TaAOX1d-2AL.2.sv2	TaAOX1a-like-2DL	89.003	782	81	5	290	1070	194	971	0.0	963
TaAOX1d-2AL.2.sv2	TaAOX1d-2AL.1	90.909	594	51	3	224	817	1	591	0.0	795
TaAOX1d-2AL.2.sv2	TaAOX1d-2AL.1	89.674	552	37	15	709	1249	593	1135	0.0	686
TaAOX1d-2AL.2.sv2	AetAOX1d-like	93.089	463	32	0	401	863	405	867	0.0	678
TaAOX1d-2AL.2.sv2	AetAOX1d-like	87.291	299	33	5	300	597	107	401	5.24e-94	337
TaAOX1d-2AL.2.sv2	AetAOX1d-like	95.946	148	6	0	982	1129	1051	1198	4.22e-65	241
TaAOX1d-2AL.2.sv2	AetAOX1a	86.510	467	62	1	608	1073	742	1208	8.11e-147	512
TaAOX1d-2AL.2.sv2	TaAOX1a-2DL.sv2	86.510	467	62	1	608	1073	1454	1920	8.11e-147	512
TaAOX1d-2AL.2.sv2	TaAOX1a-2DL.sv1	86.510	467	62	1	608	1073	1454	1920	8.11e-147	512
TaAOX1d-2AL.2.sv2	TaAOX1a-2BL	86.081	467	64	1	608	1073	2010	2476	1.75e-143	501
TaAOX1d-2AL.2.sv2	TaAOX1a-2AL.sv2	85.867	467	65	1	608	1073	1363	1829	8.16e-142	496
TaAOX1d-2AL.2.sv2	TaAOX1a-2AL.sv1	85.867	467	65	1	608	1073	1363	1829	8.16e-142	496
TaAOX1d-2AL.2.sv2	TuAOX1a	85.745	463	66	0	608	1070	719	1181	3.80e-140	490
TaAOX1d-2AL.2.sv2	TuAOX1c	85.839	459	63	2	608	1065	3818	4275	4.91e-139	486
TaAOX1d-2AL.2.sv2	TaAOX1c-6AL	85.621	459	64	2	608	1065	1062	1519	2.29e-137	481
TaAOX1d-2AL.2.sv2	TaAOX1c-6BL.sv3	84.746	472	71	1	608	1078	1029	1500	1.38e-134	472
TaAOX1d-2AL.2.sv2	TaAOX1c-6BL.sv2	84.746	472	71	1	608	1078	1029	1500	1.38e-134	472
TaAOX1d-2AL.2.sv2	TaAOX1c-6BL.sv1	84.746	472	71	1	608	1078	1029	1500	1.38e-134	472
TaAOX1d-2AL.2.sv2	TaAOX1c-6DL	85.185	459	66	2	608	1065	973	1430	4.95e-134	470
TaAOX1d-2AL.2.sv2	AetAOX1e	82.135	459	80	2	608	1065	2357	2814	1.10e-110	392
TaAOX1d-2AL.2.sv2	regTaAOX-3B	82.993	294	50	0	665	958	850	1143	6.97e-73	267
TaAOX1d-2DL	TaAOX1d-2DL	100.000	1405	0	0	1	1405	1	1405	0.0	2595
TaAOX1d-2DL	TaAOX1d-2AL.2.sv1	96.580	1199	32	3	1	1191	1	1198	0.0	1978
TaAOX1d-2DL	TaAOX1d-2AL.2.sv2	96.566	1194	32	3	6	1191	1	1193	0.0	1969
TaAOX1d-2DL	AetAOX1d	99.550	888	4	0	241	1128	1	888	0.0	1618
TaAOX1d-2DL	TuAOX1d.1	96.734	888	29	0	241	1128	1	888	0.0	1480
TaAOX1d-2DL	TuAOX1d.2	91.694	915	63	11	219	1128	7871	8777	0.0	1256
TaAOX1d-2DL	TaAOX1a-like-2DL	89.258	782	79	5	289	1069	194	971	0.0	974
TaAOX1d-2DL	TaAOX1d-2AL.1	90.572	594	53	3	223	816	1	591	0.0	784
TaAOX1d-2DL	TaAOX1d-2AL.1	88.146	658	55	16	708	1350	593	1242	0.0	761
TaAOX1d-2DL	AetAOX1d-like	93.737	463	29	0	400	862	405	867	0.0	695
TaAOX1d-2DL	AetAOX1d-like	86.711	301	35	5	299	598	107	403	5.12e-92	329
TaAOX1d-2DL	AetAOX1d-like	97.973	148	3	0	981	1128	1051	1198	2.45e-70	257
TaAOX1d-2DL	AetAOX1a	87.841	477	58	0	593	1069	728	1204	1.67e-161	560
TaAOX1d-2DL	TaAOX1a-2DL.sv2	87.841	477	58	0	593	1069	1440	1916	1.67e-161	560
TaAOX1d-2DL	TaAOX1a-2DL.sv1	87.841	477	58	0	593	1069	1440	1916	1.67e-161	560
TaAOX1d-2DL	TuAOX1a	86.583	477	64	0	593	1069	705	1181	1.69e-151	527
TaAOX1d-2DL	TaAOX1a-2BL	86.583	477	64	0	593	1069	1996	2472	1.69e-151	527
TaAOX1d-2DL	TaAOX1a-2AL.sv2	86.214	486	67	0	584	1069	1340	1825	1.69e-151	527
TaAOX1d-2DL	TaAOX1a-2AL.sv1	86.214	486	67	0	584	1069	1340	1825	1.69e-151	527
TaAOX1d-2DL	TaAOX1c-6BL.sv3	86.296	467	64	0	598	1064	1020	1486	6.12e-146	508
TaAOX1d-2DL	TaAOX1c-6BL.sv2	86.296	467	64	0	598	1064	1020	1486	6.12e-146	508
TaAOX1d-2DL	TaAOX1c-6BL.sv1	86.296	467	64	0	598	1064	1020	1486	6.12e-146	508
TaAOX1d-2DL	TuAOX1c	86.111	468	63	2	598	1064	3809	4275	2.85e-144	503
TaAOX1d-2DL	TaAOX1c-6DL	85.897	468	64	2	598	1064	964	1430	1.33e-142	497
TaAOX1d-2DL	TaAOX1c-6AL	85.897	468	64	2	598	1064	1053	1519	1.33e-142	497
TaAOX1d-2DL	AetAOX1e	82.241	473	82	2	593	1064	2343	2814	2.30e-115	407
TaAOX1d-2DL	regTaAOX-3B	83.673	294	48	0	664	957	850	1143	1.88e-76	278
TuAOX1a	TuAOX1a	100.000	1383	0	0	1	1383	1	1383	0.0	2555
TuAOX1a	TaAOX1a-2AL.sv2	95.596	1385	34	7	1	1383	669	2028	0.0	2194
TuAOX1a	TaAOX1a-2AL.sv1	95.596	1385	34	7	1	1383	669	2028	0.0	2194
TuAOX1a	AetAOX1a	91.467	1418	47	34	1	1383	1	1379	0.0	1881
TuAOX1a	TaAOX1a-2DL.sv2	91.467	1418	47	34	1	1383	713	2091	0.0	1881
TuAOX1a	TaAOX1a-2DL.sv1	91.467	1418	47	34	1	1383	713	2091	0.0	1881
TuAOX1a	TaAOX1a-2BL	90.566	1431	72	38	1	1383	1261	2676	0.0	1836
TuAOX1a	TaAOX1a-like-2DL	92.229	682	47	4	705	1383	495	1173	0.0	961
TuAOX1a	AetAOX1e	86.290	496	68	0	688	1183	2326	2821	2.14e-155	540
TuAOX1a	AetAOX1d	86.583	477	64	0	705	1181	353	829	1.66e-151	527
TuAOX1a	TaAOX1d-2DL	86.583	477	64	0	705	1181	593	1069	1.66e-151	527
TuAOX1a	TuAOX1d.2	86.373	477	65	0	705	1181	8242	8718	7.74e-150	521
TuAOX1a	TuAOX1d.1	85.745	463	66	0	719	1181	367	829	2.18e-140	490
TuAOX1a	TaAOX1d-2AL.2.sv2	85.745	463	66	0	719	1181	608	1070	2.18e-140	490
TuAOX1a	TaAOX1d-2AL.2.sv1	85.745	463	66	0	719	1181	613	1075	2.18e-140	490
TuAOX1a	TaAOX1d-2AL.1	87.222	360	46	0	822	1181	595	954	1.75e-116	411
TuAOX1a	TaAOX1d-2AL.1	84.821	224	34	0	705	928	368	591	6.80e-61	226
TuAOX1a	regTaAOX-3B	87.755	294	36	0	776	1069	850	1143	1.80e-96	344
TuAOX1a	AetAOX1d-like	86.296	270	37	0	705	974	598	867	1.84e-81	294
TuAOX1a	regTaAOX-4BL.sv4	98.611	72	1	0	1	72	966	1037	1.97e-31	128
TuAOX1a	regTaAOX-4BL.sv3	98.611	72	1	0	1	72	966	1037	1.97e-31	128
TuAOX1a	regTaAOX-4BL.sv2	98.611	72	1	0	1	72	966	1037	1.97e-31	128
TuAOX1a	regTaAOX-4BL.sv1	98.611	72	1	0	1	72	966	1037	1.97e-31	128
TuAOX1c	TuAOX1c	100.000	1846	0	0	1	1846	1	1846	0.0	3410
TuAOX1c	TuAOX1c	100.000	1028	0	0	3442	4469	3442	4469	0.0	1899
TuAOX1c	TuAOX1c	100.000	353	0	0	2550	2902	2550	2902	0.0	652
TuAOX1c	TaAOX1c-6AL	99.805	1028	2	0	3442	4469	686	1713	0.0	1888
TuAOX1c	TaAOX1c-6AL	97.297	74	2	0	2829	2902	1	74	2.31e-30	126
TuAOX1c	TaAOX1c-6DL	94.197	1034	39	14	3442	4469	603	1621	0.0	1557
TuAOX1c	TaAOX1c-6BL.sv3	93.545	1038	31	14	3442	4469	650	1661	0.0	1513
TuAOX1c	TaAOX1c-6BL.sv3	91.667	72	1	2	2824	2890	1	72	6.51e-21	95.3
TuAOX1c	TaAOX1c-6BL.sv2	93.545	1038	31	14	3442	4469	650	1661	0.0	1513
TuAOX1c	TaAOX1c-6BL.sv2	91.667	72	1	2	2824	2890	1	72	6.51e-21	95.3
TuAOX1c	TaAOX1c-6BL.sv1	93.545	1038	31	14	3442	4469	650	1661	0.0	1513
TuAOX1c	TaAOX1c-6BL.sv1	91.667	72	1	2	2824	2890	1	72	6.51e-21	95.3
TuAOX1c	TuAOX1d.2	86.325	468	62	2	3809	4275	8247	8713	1.96e-145	508
TuAOX1c	AetAOX1d	86.111	468	63	2	3809	4275	358	824	9.13e-144	503
TuAOX1c	TaAOX1d-2DL	86.111	468	63	2	3809	4275	598	1064	9.13e-144	503
TuAOX1c	TuAOX1d.1	85.839	459	63	2	3818	4275	367	824	9.20e-139	486
TuAOX1c	TaAOX1d-2AL.2.sv2	85.839	459	63	2	3818	4275	608	1065	9.20e-139	486
TuAOX1c	TaAOX1d-2AL.2.sv1	85.839	459	63	2	3818	4275	613	1070	9.20e-139	486
TuAOX1c	TaAOX1d-2AL.1	86.517	356	46	2	3921	4275	595	949	7.42e-110	390
TuAOX1c	AetAOX1d-like	85.714	266	36	2	3809	4073	603	867	1.68e-76	279
TuAOX1c	AetAOX1d-like	92.857	84	6	0	4192	4275	1051	1134	2.99e-29	122
TuAOX1c	TaAOX1a-2DL.sv2	92.157	51	4	0	3461	3511	414	464	3.05e-14	73.1
TuAOX1c	TaAOX1a-2DL.sv1	92.157	51	4	0	3461	3511	414	464	3.05e-14	73.1
TuAOX1c	TaAOX1a-2BL	92.157	51	4	0	3461	3511	984	1034	3.05e-14	73.1
TuAOX1c	TaAOX1a-2AL.sv2	92.157	51	4	0	3461	3511	390	440	3.05e-14	73.1
TuAOX1c	TaAOX1a-2AL.sv1	92.157	51	4	0	3461	3511	390	440	3.05e-14	73.1
TuAOX1c	regTaAOX-4BL.sv4	88.235	51	6	0	3461	3511	690	740	6.61e-11	62.1
TuAOX1c	regTaAOX-4BL.sv3	88.235	51	6	0	3461	3511	690	740	6.61e-11	62.1
TuAOX1c	regTaAOX-4BL.sv2	88.235	51	6	0	3461	3511	690	740	6.61e-11	62.1
TuAOX1c	regTaAOX-4BL.sv1	88.235	51	6	0	3461	3511	690	740	6.61e-11	62.1
TuAOX1d.1	TuAOX1d.1	100.000	888	0	0	1	888	1	888	0.0	1640
TuAOX1d.1	TaAOX1d-2AL.2.sv2	99.887	888	1	0	1	888	242	1129	0.0	1635
TuAOX1d.1	TaAOX1d-2AL.2.sv1	99.887	888	1	0	1	888	247	1134	0.0	1635
TuAOX1d.1	AetAOX1d	96.959	888	27	0	1	888	1	888	0.0	1491
TuAOX1d.1	TaAOX1d-2DL	96.734	888	29	0	1	888	241	1128	0.0	1480
TuAOX1d.1	TuAOX1d.2	90.929	893	68	11	1	888	7893	8777	0.0	1188
TuAOX1d.1	TaAOX1a-like-2DL	89.130	782	80	5	49	829	194	971	0.0	968
TuAOX1d.1	TaAOX1d-2AL.1	90.799	576	50	3	1	576	19	591	0.0	767
TuAOX1d.1	TaAOX1d-2AL.1	93.587	421	27	0	468	888	593	1013	0.0	628
TuAOX1d.1	AetAOX1d-like	93.305	463	31	0	160	622	405	867	0.0	684
TuAOX1d.1	AetAOX1d-like	87.625	299	32	5	59	356	107	401	4.12e-96	342
TuAOX1d.1	AetAOX1d-like	95.946	148	6	0	741	888	1051	1198	1.55e-65	241
TuAOX1d.1	AetAOX1a	86.510	467	62	1	367	832	742	1208	2.97e-147	512
TuAOX1d.1	TaAOX1a-2DL.sv2	86.510	467	62	1	367	832	1454	1920	2.97e-147	512
TuAOX1d.1	TaAOX1a-2DL.sv1	86.510	467	62	1	367	832	1454	1920	2.97e-147	512
TuAOX1d.1	TaAOX1a-2BL	86.081	467	64	1	367	832	2010	2476	6.43e-144	501
TuAOX1d.1	TaAOX1a-2AL.sv2	85.867	467	65	1	367	832	1363	1829	2.99e-142	496
TuAOX1d.1	TaAOX1a-2AL.sv1	85.867	467	65	1	367	832	1363	1829	2.99e-142	496
TuAOX1d.1	TuAOX1a	85.745	463	66	0	367	829	719	1181	1.39e-140	490
TuAOX1d.1	TuAOX1c	85.839	459	63	2	367	824	3818	4275	1.80e-139	486
TuAOX1d.1	TaAOX1c-6AL	85.621	459	64	2	367	824	1062	1519	8.37e-138	481
TuAOX1d.1	TaAOX1c-6BL.sv3	84.746	472	71	1	367	837	1029	1500	5.04e-135	472
TuAOX1d.1	TaAOX1c-6BL.sv2	84.746	472	71	1	367	837	1029	1500	5.04e-135	472
TuAOX1d.1	TaAOX1c-6BL.sv1	84.746	472	71	1	367	837	1029	1500	5.04e-135	472
TuAOX1d.1	TaAOX1c-6DL	85.185	459	66	2	367	824	973	1430	1.81e-134	470
TuAOX1d.1	AetAOX1e	82.135	459	80	2	367	824	2357	2814	4.04e-111	392
TuAOX1d.1	regTaAOX-3B	82.993	294	50	0	424	717	850	1143	2.55e-73	267
TuAOX1d.2	TuAOX1d.2	100.000	4931	0	0	3847	8777	3847	8777	0.0	9106
TuAOX1d.2	TuAOX1d.2	100.000	2072	0	0	1730	3801	1730	3801	0.0	3827
TuAOX1d.2	TuAOX1d.2	100.000	1538	0	0	1	1538	1	1538	0.0	2841
TuAOX1d.2	TuAOX1d.2	91.518	224	15	3	4051	4270	2607	2830	5.44e-84	305
TuAOX1d.2	TuAOX1d.2	91.518	224	15	3	2607	2830	4051	4270	5.44e-84	305
TuAOX1d.2	TuAOX1d.2	94.000	100	4	2	4527	4625	4625	4527	2.70e-37	150
TuAOX1d.2	TuAOX1d.2	95.556	45	2	0	4295	4339	2831	2875	6.01e-14	73.1
TuAOX1d.2	TuAOX1d.2	95.556	45	2	0	2831	2875	4295	4339	6.01e-14	73.1
TuAOX1d.2	TaAOX1d-2DL	91.676	913	67	7	7871	8777	219	1128	0.0	1256
TuAOX1d.2	AetAOX1d	91.695	891	65	7	7893	8777	1	888	0.0	1227
TuAOX1d.2	TaAOX1d-2AL.2.sv2	91.019	913	73	7	7871	8777	220	1129	0.0	1223
TuAOX1d.2	TaAOX1d-2AL.2.sv1	91.019	913	73	7	7871	8777	225	1134	0.0	1223
TuAOX1d.2	TuAOX1d.1	90.909	891	72	7	7893	8777	1	888	0.0	1188
TuAOX1d.2	TaAOX1d-2AL.1	96.447	591	21	0	7875	8465	1	591	0.0	976
TuAOX1d.2	TaAOX1d-2AL.1	99.525	421	2	0	8357	8777	593	1013	0.0	767
TuAOX1d.2	TaAOX1a-like-2DL	89.075	778	85	0	7941	8718	194	971	0.0	966
TuAOX1d.2	AetAOX1d-like	97.845	464	10	0	8048	8511	404	867	0.0	802
TuAOX1d.2	AetAOX1d-like	87.229	415	41	8	7833	8247	1	403	3.05e-131	462
TuAOX1d.2	AetAOX1d-like	96.622	148	5	0	8630	8777	1051	1198	3.34e-66	246
TuAOX1d.2	AetAOX1a	87.002	477	62	0	8242	8718	728	1204	4.93e-154	538
TuAOX1d.2	TaAOX1a-2DL.sv2	87.002	477	62	0	8242	8718	1440	1916	4.93e-154	538
TuAOX1d.2	TaAOX1a-2DL.sv1	87.002	477	62	0	8242	8718	1440	1916	4.93e-154	538
TuAOX1d.2	TaAOX1a-2AL.sv2	86.420	486	66	0	8233	8718	1340	1825	2.29e-152	532
TuAOX1d.2	TaAOX1a-2AL.sv1	86.420	486	66	0	8233	8718	1340	1825	2.29e-152	532
TuAOX1d.2	TuAOX1a	86.373	477	65	0	8242	8718	705	1181	4.96e-149	521
TuAOX1d.2	TaAOX1a-2BL	86.373	477	65	0	8242	8718	1996	2472	4.96e-149	521
TuAOX1d.2	TuAOX1c	86.325	468	62	2	8247	8713	3809	4275	3.86e-145	508
TuAOX1d.2	TaAOX1c-6BL.sv3	86.081	467	65	0	8247	8713	1020	1486	1.80e-143	503
TuAOX1d.2	TaAOX1c-6BL.sv2	86.081	467	65	0	8247	8713	1020	1486	1.80e-143	503
TuAOX1d.2	TaAOX1c-6BL.sv1	86.081	467	65	0	8247	8713	1020	1486	1.80e-143	503
TuAOX1d.2	TaAOX1c-6AL	86.111	468	63	2	8247	8713	1053	1519	1.80e-143	503
TuAOX1d.2	TaAOX1c-6DL	85.897	468	64	2	8247	8713	964	1430	8.36e-142	497
TuAOX1d.2	AetAOX1e	82.875	473	79	2	8242	8713	2343	2814	1.44e-119	424
TuAOX1d.2	regTaAOX-3B	85.034	294	44	0	8313	8606	850	1143	2.53e-82	300
AetAOX1a	AetAOX1a	100.000	1379	0	0	1	1379	1	1379	0.0	2547
AetAOX1a	TaAOX1a-2DL.sv2	100.000	1379	0	0	1	1379	713	2091	0.0	2547
AetAOX1a	TaAOX1a-2DL.sv1	100.000	1379	0	0	1	1379	713	2091	0.0	2547
AetAOX1a	TuAOX1a	91.467	1418	47	34	1	1379	1	1383	0.0	1881
AetAOX1a	TaAOX1a-2BL	90.903	1429	67	31	1	1379	1261	2676	0.0	1860
AetAOX1a	TaAOX1a-2AL.sv2	89.533	1414	59	40	1	1379	669	2028	0.0	1709
AetAOX1a	TaAOX1a-2AL.sv1	89.533	1414	59	40	1	1379	669	2028	0.0	1709
AetAOX1a	TaAOX1a-like-2DL	89.312	683	38	16	728	1379	495	1173	0.0	824
AetAOX1a	AetAOX1d	87.841	477	58	0	728	1204	353	829	1.64e-161	560
AetAOX1a	TaAOX1d-2DL	87.841	477	58	0	728	1204	593	1069	1.64e-161	560
AetAOX1a	TuAOX1d.2	87.002	477	62	0	728	1204	8242	8718	7.66e-155	538
AetAOX1a	AetAOX1e	85.685	496	71	0	711	1206	2326	2821	2.15e-150	523
AetAOX1a	TuAOX1d.1	86.510	467	62	1	742	1208	367	832	4.64e-147	512
AetAOX1a	TaAOX1d-2AL.2.sv2	86.510	467	62	1	742	1208	608	1073	4.64e-147	512
AetAOX1a	TaAOX1d-2AL.2.sv1	86.510	467	62	1	742	1208	613	1078	4.64e-147	512
AetAOX1a	TaAOX1d-2AL.1	87.500	360	45	0	845	1204	595	954	3.75e-118	416
AetAOX1a	TaAOX1d-2AL.1	85.714	224	32	0	728	951	368	591	3.13e-64	237
AetAOX1a	regTaAOX-3B	87.075	294	38	0	799	1092	850	1143	3.88e-93	333
AetAOX1a	AetAOX1d-like	87.778	270	33	0	728	997	598	867	3.91e-88	316
AetAOX1a	regTaAOX-4BL.sv4	98.551	69	1	0	1	69	966	1034	9.15e-30	122
AetAOX1a	regTaAOX-4BL.sv3	98.551	69	1	0	1	69	966	1034	9.15e-30	122
AetAOX1a	regTaAOX-4BL.sv2	98.551	69	1	0	1	69	966	1034	9.15e-30	122
AetAOX1a	regTaAOX-4BL.sv1	98.551	69	1	0	1	69	966	1034	9.15e-30	122
AetAOX1e	AetAOX1e	100.000	2958	0	0	1	2958	1	2958	0.0	5463
AetAOX1e	regTaAOX-3B	88.177	702	54	24	1569	2250	3	695	0.0	809
AetAOX1e	regTaAOX-3B	97.288	295	8	0	2413	2707	849	1143	2.17e-143	501
AetAOX1e	regTaAOX-3B	93.367	196	6	3	2770	2958	1133	1328	8.56e-78	283
AetAOX1e	TuAOX1a	86.290	496	68	0	2326	2821	688	1183	4.60e-155	540
AetAOX1e	AetAOX1a	85.685	496	71	0	2326	2821	711	1206	4.63e-150	523
AetAOX1e	TaAOX1a-2DL.sv2	85.685	496	71	0	2326	2821	1423	1918	4.63e-150	523
AetAOX1e	TaAOX1a-2DL.sv1	85.685	496	71	0	2326	2821	1423	1918	4.63e-150	523
AetAOX1e	TaAOX1a-2BL	85.282	496	73	0	2326	2821	1979	2474	1.00e-146	512
AetAOX1e	TaAOX1a-2AL.sv2	85.282	496	73	0	2326	2821	1332	1827	1.00e-146	512
AetAOX1e	TaAOX1a-2AL.sv1	85.282	496	73	0	2326	2821	1332	1827	1.00e-146	512
AetAOX1e	TaAOX1a-like-2DL	83.925	479	77	0	2343	2821	495	973	1.32e-130	459
AetAOX1e	TuAOX1d.2	82.839	472	81	0	2343	2814	8242	8713	4.83e-120	424
AetAOX1e	AetAOX1d	82.203	472	84	0	2343	2814	353	824	4.87e-115	407
AetAOX1e	TaAOX1d-2DL	82.203	472	84	0	2343	2814	593	1064	4.87e-115	407
AetAOX1e	TuAOX1d.1	82.135	459	80	2	2357	2814	367	824	1.36e-110	392
AetAOX1e	TaAOX1d-2AL.2.sv2	82.135	459	80	2	2357	2814	608	1065	1.36e-110	392
AetAOX1e	TaAOX1d-2AL.2.sv1	82.135	459	80	2	2357	2814	613	1070	1.36e-110	392
AetAOX1e	TaAOX1d-2AL.1	83.944	355	57	0	2460	2814	595	949	5.01e-95	340
AetAOX1e	TaAOX1d-2AL.1	83.036	224	38	0	2343	2566	368	591	6.85e-54	204
AetAOX1e	AetAOX1d-like	81.852	270	49	0	2343	2612	598	867	4.07e-61	228
AetAOX1d	AetAOX1d	100.000	888	0	0	1	888	1	888	0.0	1640
AetAOX1d	TaAOX1d-2DL	99.550	888	4	0	1	888	241	1128	0.0	1618
AetAOX1d	TuAOX1d.1	96.959	888	27	0	1	888	1	888	0.0	1491
AetAOX1d	TaAOX1d-2AL.2.sv2	96.847	888	28	0	1	888	242	1129	0.0	1485
AetAOX1d	TaAOX1d-2AL.2.sv1	96.847	888	28	0	1	888	247	1134	0.0	1485
AetAOX1d	TuAOX1d.2	91.713	893	61	11	1	888	7893	8777	0.0	1227
AetAOX1d	TaAOX1a-like-2DL	89.514	782	77	5	49	829	194	971	0.0	985
AetAOX1d	TaAOX1d-2AL.1	90.625	576	51	3	1	576	19	591	0.0	761
AetAOX1d	TaAOX1d-2AL.1	94.774	421	22	0	468	888	593	1013	0.0	656
AetAOX1d	AetAOX1d-like	94.168	463	27	0	160	622	405	867	0.0	706
AetAOX1d	AetAOX1d-like	87.375	301	33	5	59	358	107	403	1.48e-95	340
AetAOX1d	AetAOX1d-like	97.973	148	3	0	741	888	1051	1198	1.54e-70	257
AetAOX1d	AetAOX1a	87.841	477	58	0	353	829	728	1204	1.05e-161	560
AetAOX1d	TaAOX1a-2DL.sv2	87.841	477	58	0	353	829	1440	1916	1.05e-161	560
AetAOX1d	TaAOX1a-2DL.sv1	87.841	477	58	0	353	829	1440	1916	1.05e-161	560
AetAOX1d	TuAOX1a	86.583	477	64	0	353	829	705	1181	1.06e-151	527
AetAOX1d	TaAOX1a-2BL	86.583	477	64	0	353	829	1996	2472	1.06e-151	527
AetAOX1d	TaAOX1a-2AL.sv2	86.214	486	67	0	344	829	1340	1825	1.06e-151	527
AetAOX1d	TaAOX1a-2AL.sv1	86.214	486	67	0	344	829	1340	1825	1.06e-151	527
AetAOX1d	TaAOX1c-6BL.sv3	86.296	467	64	0	358	824	1020	1486	3.84e-146	508
AetAOX1d	TaAOX1c-6BL.sv2	86.296	467	64	0	358	824	1020	1486	3.84e-146	508
AetAOX1d	TaAOX1c-6BL.sv1	86.296	467	64	0	358	824	1020	1486	3.84e-146	508
AetAOX1d	TuAOX1c	86.111	468	63	2	358	824	3809	4275	1.79e-144	503
AetAOX1d	TaAOX1c-6DL	85.897	468	64	2	358	824	964	1430	8.31e-143	497
AetAOX1d	TaAOX1c-6AL	85.897	468	64	2	358	824	1053	1519	8.31e-143	497
AetAOX1d	AetAOX1e	82.241	473	82	2	353	824	2343	2814	1.44e-115	407
AetAOX1d-like	AetAOX1d-like	100.000	867	0	0	1	867	1	867	0.0	1602
AetAOX1d-like	AetAOX1d-like	100.000	200	0	0	404	603	204	403	2.56e-104	370
AetAOX1d-like	AetAOX1d-like	100.000	200	0	0	204	403	404	603	2.56e-104	370
AetAOX1d-like	AetAOX1d-like	100.000	171	0	0	1028	1198	1028	1198	3.39e-88	316
AetAOX1d-like	TuAOX1d.2	97.845	464	10	0	404	867	8048	8511	0.0	802
AetAOX1d-like	TuAOX1d.2	87.229	415	41	8	1	403	7833	8247	4.11e-132	462
AetAOX1d-like	TuAOX1d.2	96.622	148	5	0	1051	1198	8630	8777	4.51e-67	246
AetAOX1d-like	AetAOX1d	94.168	463	27	0	405	867	160	622	0.0	706
AetAOX1d-like	AetAOX1d	87.375	301	33	5	107	403	59	358	2.01e-95	340
AetAOX1d-like	AetAOX1d	97.973	148	3	0	1051	1198	741	888	2.08e-70	257
AetAOX1d-like	TaAOX1d-2AL.1	97.129	418	12	0	404	821	174	591	0.0	706
AetAOX1d-like	TaAOX1d-2AL.1	93.939	297	18	0	107	403	77	373	3.20e-128	449
AetAOX1d-like	TaAOX1d-2AL.1	98.065	155	3	0	713	867	593	747	2.68e-74	270
AetAOX1d-like	TaAOX1d-2AL.1	97.297	148	4	0	1051	1198	866	1013	9.69e-69	252
AetAOX1d-like	TaAOX1d-2DL	93.737	463	29	0	405	867	400	862	0.0	695
AetAOX1d-like	TaAOX1d-2DL	86.711	301	35	5	107	403	299	598	4.35e-92	329
AetAOX1d-like	TaAOX1d-2DL	97.973	148	3	0	1051	1198	981	1128	2.08e-70	257
AetAOX1d-like	TuAOX1d.1	93.305	463	31	0	405	867	160	622	0.0	684
AetAOX1d-like	TuAOX1d.1	87.625	299	32	5	107	401	59	356	5.59e-96	342
AetAOX1d-like	TuAOX1d.1	95.946	148	6	0	1051	1198	741	888	2.10e-65	241
AetAOX1d-like	TaAOX1d-2AL.2.sv2	93.089	463	32	0	405	867	401	863	0.0	678
AetAOX1d-like	TaAOX1d-2AL.2.sv2	87.291	299	33	5	107	401	300	597	2.60e-94	337
AetAOX1d-like	TaAOX1d-2AL.2.sv2	95.946	148	6	0	1051	1198	982	1129	2.10e-65	241
AetAOX1d-like	TaAOX1d-2AL.2.sv1	93.089	463	32	0	405	867	406	868	0.0	678
AetAOX1d-like	TaAOX1d-2AL.2.sv1	87.291	299	33	5	107	401	305	602	2.60e-94	337
AetAOX1d-like	TaAOX1d-2AL.2.sv1	95.946	148	6	0	1051	1198	987	1134	2.10e-65	241
AetAOX1d-like	TaAOX1a-like-2DL	92.505	467	35	0	401	867	298	764	0.0	669
AetAOX1d-like	TaAOX1a-like-2DL	89.831	295	30	0	109	403	206	500	4.26e-107	379
AetAOX1d-like	AetAOX1a	87.778	270	33	0	598	867	728	997	3.39e-88	316
AetAOX1d-like	TaAOX1a-2DL.sv2	87.778	270	33	0	598	867	1440	1709	3.39e-88	316
AetAOX1d-like	TaAOX1a-2DL.sv1	87.778	270	33	0	598	867	1440	1709	3.39e-88	316
AetAOX1d-like	TaAOX1a-2AL.sv2	86.232	276	38	0	592	867	1343	1618	3.41e-83	300
AetAOX1d-like	TaAOX1a-2AL.sv1	86.232	276	38	0	592	867	1343	1618	3.41e-83	300
AetAOX1d-like	TuAOX1a	86.296	270	37	0	598	867	705	974	1.59e-81	294
AetAOX1d-like	TaAOX1a-2BL	86.296	270	37	0	598	867	1996	2265	1.59e-81	294
AetAOX1d-like	TaAOX1c-6DL	86.466	266	34	2	603	867	964	1228	2.05e-80	291
AetAOX1d-like	TuAOX1c	85.714	266	36	2	603	867	3809	4073	4.45e-77	279
AetAOX1d-like	TuAOX1c	92.857	84	6	0	1051	1134	4192	4275	7.93e-30	122
AetAOX1d-like	TaAOX1c-6AL	85.714	266	36	2	603	867	1053	1317	4.45e-77	279
AetAOX1d-like	TaAOX1c-6AL	91.667	84	7	0	1051	1134	1436	1519	3.69e-28	117
AetAOX1d-like	TaAOX1c-6BL.sv3	84.906	265	40	0	603	867	1020	1284	9.62e-74	268
AetAOX1d-like	TaAOX1c-6BL.sv2	84.906	265	40	0	603	867	1020	1284	9.62e-74	268
AetAOX1d-like	TaAOX1c-6BL.sv1	84.906	265	40	0	603	867	1020	1284	9.62e-74	268
AetAOX1d-like	AetAOX1e	81.919	271	47	2	598	867	2343	2612	1.63e-61	228
AetAOX1d-like	regTaAOX-3B	85.427	199	29	0	669	867	850	1048	2.13e-55	207
